20210126,宝安区,新安,文汇孝德，片区极笋三房，满五年红本，看宝安公园必看好房,450万,中楼层                                    (共7层)                                                                      | 1992年建 |                                3室1厅 | 74平米                                  | 东,http://ke-image.ljcdn.com/110000-inspection/043406d1-cd24-4e0e-9de9-414143a3bc4d_1000.jpg!m_fill,w_280,h_210,f_jpg?from=ke.com
20210126,宝安区,新安,业主诚心出售，新安湖花园电梯两房，满五必看好房,630万,低楼层                                    (共33层)                                                                      | 2001年建 |                                2室1厅 | 75平米                                  | 南 西南,http://ke-image.ljcdn.com/110000-inspection/pc1_SzpcHMLDk_1.jpg!m_fill,w_280,h_210,f_jpg?from=ke.com
20210126,宝安区,新安,雅兰亭大两房满五唯一，大花园社区自住保养很好,550万,中楼层                                    (共8层)                                                                      | 2000年建 |                                2室2厅 | 58.3平米                                  | 东南,http://ke-image.ljcdn.com/110000-inspection/1a6b717b-28f3-43ee-a87d-bb3f1530da14_1000.jpg!m_fill,w_280,h_210,f_jpg?from=ke.com
20210126,宝安区,新安,舒适3房诚心出售，看房方便，满五唯一红本在手必看好房,500万,中楼层                                    (共8层)                                                                      | 1992年建 |                                3室2厅 | 72平米                                  | 东南,http://ke-image.ljcdn.com/110000-inspection/pc1_sTl4yJ6gt_1.jpg!m_fill,w_280,h_210,f_jpg?from=ke.com
20210126,宝安区,新安,一层只有一户这个户型 2+1婚房装修 诚心卖,405万,中楼层                                    (共8层)                                                                      | 2009年建 |                                2室1厅 | 46.51平米                                  | 西北,http://ke-image.ljcdn.com/110000-inspection/pc1_z387SeLM5_1.jpg!m_fill,w_280,h_210,f_jpg?from=ke.com
20210126,宝安区,新安,此房满五年 税费比较少 业主很诚心卖看房方便。必看好房,618万,中楼层                                    (共31层)                                                                      | 2006年建 |                                2室1厅 | 66.86平米                                  | 东北,http://ke-image.ljcdn.com/110000-inspection/pc1_aKIZO9Ap4_1.jpg!m_fill,w_280,h_210,f_jpg?from=ke.com
20210126,宝安区,新安,风尚时代精装两房，业主诚心出售，看房提前预约,245万,中楼层                                    (共7层)                                                                      | 1996年建 |                                2室1厅 | 54.85平米                                  | 南,http://ke-image.ljcdn.com/110000-inspection/97cbb287-59e1-4d05-88c5-dc8bcd3b8e38_1000.jpg!m_fill,w_280,h_210,f_jpg?from=ke.com
20210126,宝安区,新安,万达商圈満五红本在手税费低3房出售必看好房,798万,中楼层                                    (共22层)                                                                      | 2011年建 |                                3室1厅 | 78.79平米                                  | 南,http://ke-image.ljcdn.com/110000-inspection/pc1_OMyDsBiyZ_1.jpg!m_fill,w_280,h_210,f_jpg?from=ke.com
20210126,宝安区,新安,万达商圈，中间楼层，满五年，通透户型,538万,中楼层                                    (共8层)                                                                      | 2000年建 |                                2室2厅 | 60.48平米                                  | 西南,http://ke-image.ljcdn.com/110000-inspection/b162bd68-2e17-48de-a737-7d7a9bff9a25_1000.jpg!m_fill,w_280,h_210,f_jpg?from=ke.com
20210126,宝安区,新安,灵芝地铁口宝民花园，红本在手，花园中间，安静必看好房,528万,高楼层                                    (共6层)                                                                      | 1989年建 |                                2室2厅 | 75.3平米                                  | 东南,http://ke-image.ljcdn.com/110000-inspection/pc1_TlD5APzPT_1.jpg!m_fill,w_280,h_210,f_jpg?from=ke.com
20210126,宝安区,新安,香缤广场精装一房，环境优雅，居家舒适，让您生活放心必看好房,430万,中楼层                                    (共31层)                                                                      | 2006年建 |                                1室1厅 | 40.87平米                                  | 南,http://ke-image.ljcdn.com/110000-inspection/pc1_lcGPKRK9F_1.jpg!m_fill,w_280,h_210,f_jpg?from=ke.com
20210126,宝安区,新安,满五年，税费低，精装修，交通便利，业主诚心出售必看好房,520万,低楼层                                    (共32层)                                                                      | 2011年建 |                                2室1厅 | 63.5平米                                  | 西北,http://ke-image.ljcdn.com/110000-inspection/6500624e-e8cf-4b72-b171-0a83609553e2_1000.jpg!m_fill,w_280,h_210,f_jpg?from=ke.com
20210126,宝安区,新安,鸿荣源社区，诚心出售此房价格能谈，满五年红本在手必看好房,880万,低楼层                                    (共12层)                                                                      | 1999年建 |                                3室2厅 | 112.19平米                                  | 东南,http://ke-image.ljcdn.com/110000-inspection/pc1_VoltD8aXJ_1.jpg!m_fill,w_280,h_210,f_jpg?from=ke.com
20210126,宝安区,新安,双地铁口精装两房，满五年，楼层适中，业主诚心卖,839万,低楼层                                    (共22层)                                                                      | 2005年建 |                                2室2厅 | 52.07平米                                  | 南,http://ke-image.ljcdn.com/110000-inspection/pc1_aUTea9GCF_1.jpg!m_fill,w_280,h_210,f_jpg?from=ke.com
20210126,宝安区,新安,满五唯一，重新装修过，刚需考虑盘，诚心出售，必看好房,438万,低楼层                                    (共22层)                                                                      | 2011年建 |                                1室1厅 | 41.33平米                                  | 西北,http://ke-image.ljcdn.com/110000-inspection/pc1_keyZdGHna_1.jpg!m_fill,w_280,h_210,f_jpg?from=ke.com
20210126,宝安区,新安,配套全！税费少！南北通，看花园，学方便，闹中取静!必看好房,680万,中楼层                                    (共31层)                                                                      | 2006年建 |                                2室1厅 | 71.79平米                                  | 南,http://ke-image.ljcdn.com/110000-inspection/52ab3e7f-210f-455e-90ea-fc52f011813b_1000.jpg!m_fill,w_280,h_210,f_jpg?from=ke.com
20210126,宝安区,新安,万达商圈，70年大两房，诚心出售，满五年,平台花园,508万,高楼层                                    (共8层)                                                                      | 1998年建 |                                2室2厅 | 59.47平米                                  | 西南,http://ke-image.ljcdn.com/110000-inspection/90a06023-28a2-42c4-8dbd-cbe9859db7ba_1000.jpg!m_fill,w_280,h_210,f_jpg?from=ke.com
20210126,宝安区,新安,高楼层标准两房  满五年  税费少  原始户型没改动,550万,中楼层                                    (共32层)                                                                      | 2011年建 |                                2室1厅 | 62.9平米                                  | 西北,http://ke-image.ljcdn.com/110000-inspection/pc1_znSQWRP1G_1.jpg!m_fill,w_280,h_210,f_jpg?from=ke.com
20210126,宝安区,新安,此房户型方正，视野开阔，交通便捷，楼下有公园商场,628万,低楼层                                    (共27层)                                                                      | 2018年建 |                                1室1厅 | 55.43平米                                  | 东,http://ke-image.ljcdn.com/110000-inspection/pc1_KNwP4hpbq_1.jpg!m_fill,w_280,h_210,f_jpg?from=ke.com
20210126,宝安区,新安,花园社区，满五唯一，正规三房，业主诚心出售。,690万,中楼层                                    (共8层)                                                                  3室2厅 | 87.04平米                                  | 东南,http://ke-image.ljcdn.com/110000-inspection/pc1_GV7MXeCmG_1.jpg!m_fill,w_280,h_210,f_jpg?from=ke.com
20210126,宝安区,新安,怡合花园 3室2厅 东南,960万,中楼层                                    (共8层)                                                                      | 1993年建 |                                3室2厅 | 94.2平米                                  | 东南,http://ke-image.ljcdn.com/110000-inspection/pc1_KMZMKbG2M_1.jpg!m_fill,w_280,h_210,f_jpg?from=ke.com
20210126,宝安区,新安,弘雅花园雅兰亭四期 3室1厅 西北,720万,低楼层                                    (共12层)                                                                      | 2000年建 |                                3室1厅 | 81.16平米                                  | 西北,http://ke-image.ljcdn.com/110000-inspection/pc1_8l7X0y7wq_1.jpg!m_fill,w_280,h_210,f_jpg?from=ke.com
20210126,宝安区,新安,次新小区华联城市全景大户型四房，户型方正，诚售,2100万,低楼层                                    (共47层)                                                                      | 2016年建 |                                4室2厅 | 161.29平米                                  | 西南,http://ke-image.ljcdn.com/110000-inspection/pc1_KtbPMpU5z_1.jpg!m_fill,w_280,h_210,f_jpg?from=ke.com
20210126,宝安区,新安,此房满五唯一 户型通透 高档社区万达商圈,1390万,中楼层                                    (共27层)                                                                      | 2005年建 |                                4室2厅 | 156.97平米                                  | 东南,http://ke-image.ljcdn.com/110000-inspection/42bc5d10-0152-47c5-9830-d9d499b21700_1000.jpg!m_fill,w_280,h_210,f_jpg?from=ke.com
20210126,宝安区,新安,12号线地铁口，万达旁，通燃气带阳台，采光充足,398万,中楼层                                    (共32层)                                                                      | 2015年建 |                                2室1厅 | 69.79平米                                  | 西南,http://ke-image.ljcdn.com/440300-inspection/f15c8cf9-2f85-4ddf-a911-eac67b16a947_1000.jpg!m_fill,w_280,h_210,f_jpg?from=ke.com
20210126,宝安区,新安,满五唯一、红本在手，12号地铁，海雅缤纷城商圈,970万,中楼层                                    (共16层)                                                                      | 1993年建 |                                4室2厅 | 119.6平米                                  | 南,http://ke-image.ljcdn.com/110000-inspection/pc1_9tlwpognr_1.jpg!m_fill,w_280,h_210,f_jpg?from=ke.com
20210126,宝安区,新安,地铁口，配套齐全，交通便利，看房方便,365万,低楼层                                    (共32层)                                                                      | 2005年建 |                                2室1厅 | 37.32平米                                  | 西南,http://ke-image.ljcdn.com/110000-inspection/pc1_niFytMmQj_1.jpg!m_fill,w_280,h_210,f_jpg?from=ke.com
20210126,宝安区,新安,恒安花园 满五唯一 安静看花园 人车分流 住家宜居新上,1600万,低楼层                                    (共11层)                                                                      | 2004年建 |                                4室2厅 | 143.31平米                                  | 北,http://ke-image.ljcdn.com/110000-inspection/pc1_hDUAIgTl9_1.jpg!m_fill,w_280,h_210,f_jpg?from=ke.com
20210126,宝安区,新安,宝中电梯高层三房,满五年,税费少，业主诚心出售,1200万,高楼层                                    (共14层)                                                                      | 2001年建 |                                3室1厅 | 107.51平米                                  | 东南,http://ke-image.ljcdn.com/110000-inspection/pc1_OSWBSOVNJ_1.jpg!m_fill,w_280,h_210,f_jpg?from=ke.com
20210126,宝安区,新安,华联城市全景壹号 4室1厅 东南,2200万,高楼层                                    (共36层)                                                                      | 2016年建 |                                4室1厅 | 179.08平米                                  | 东南,http://ke-image.ljcdn.com/110000-inspection/pc1_eez1WVLQP_1.jpg!m_fill,w_280,h_210,f_jpg?from=ke.com
20210126,宝安区,新安,灵芝新村 满五唯一 红本在手 学qu可用,980万,低楼层                                    (共6层)                                                                      | 1985年建 |                                3室2厅 | 73平米                                  | 东南,http://ke-image.ljcdn.com/110000-inspection/pc1_lek6MUqDb_1.jpg!m_fill,w_280,h_210,f_jpg?from=ke.com
20210126,宝安区,新安,双地铁口，中粮大悦城公园旁次新小区，业主买来重装，,1300万,中楼层                                    (共27层)                                                                      | 2018年建 |                                4室1厅 | 121.84平米                                  | 东南,http://ke-image.ljcdn.com/110000-inspection/pc1_dZrJ75UBc_1.jpg!m_fill,w_280,h_210,f_jpg?from=ke.com
20210126,宝安区,新安,31区水口花园 3室2厅 西南,700万,低楼层                                    (共7层)                                                                      | 1990年建 |                                3室2厅 | 93.3平米                                  | 西南,http://ke-image.ljcdn.com/110000-inspection/d974cf10-ffe9-4034-8f7e-c21a3277d53d_1000.jpg!m_fill,w_280,h_210,f_jpg?from=ke.com
20210126,宝安区,新安,距离洪浪北地铁口300米，满五年，红本在手,425万,低楼层                                    (共9层)                                                                      | 1993年建 |                                1室0厅 | 43.91平米                                  | 东南,http://ke-image.ljcdn.com/110000-inspection/pc1_PKXrKAPVf_1.jpg!m_fill,w_280,h_210,f_jpg?from=ke.com
20210126,宝安区,新安,满五大四房，使用率高，采光通风好，双地铁口物业,650万,高楼层                                    (共26层)                                                                      | 1996年建 |                                4室2厅 | 112.7平米                                  | 东北,http://ke-image.ljcdn.com/110000-inspection/48cf814c-8c70-4cf7-9fa2-76839b53c95a_1000.jpg!m_fill,w_280,h_210,f_jpg?from=ke.com
20210126,宝安区,新安,都市翠海2房，双地铁口物业，宝zhong学wei随时可用必看好房,840万,中楼层                                    (共22层)                                                                      | 2005年建 |                                2室1厅 | 60.4平米                                  | 东南,http://ke-image.ljcdn.com/110000-inspection/pc1_KI0ZgETg2_1.jpg!m_fill,w_280,h_210,f_jpg?from=ke.com
20210126,宝安区,新安,此房满五唯一 税费很少 装修保养好 可直接入住,555万,低楼层                                    (共31层)                                                                      | 2011年建 |                                2室2厅 | 64.6平米                                  | 东北,http://ke-image.ljcdn.com/110000-inspection/773b700e-3943-451e-8f17-979347ef7e9b_1000.jpg!m_fill,w_280,h_210,f_jpg?from=ke.com
20210126,宝安区,新安,白金酒店公寓 2室1厅 东南必看好房,379万,中楼层                                    (共32层)                                                                      | 2005年建 |                                2室1厅 | 38.18平米                                  | 东南,http://ke-image.ljcdn.com/110000-inspection/pc1_iJAiOxpTu_1.jpg!m_fill,w_280,h_210,f_jpg?from=ke.com
20210126,宝安区,新安,旭仕达名苑 2室1厅 西北,580万,中楼层                                    (共17层)                                                                      | 2003年建 |                                2室1厅 | 78.01平米                                  | 西北,http://ke-image.ljcdn.com/110000-inspection/87efa1f6-19ac-420e-9040-4b63d29276c4_1000.jpg!m_fill,w_280,h_210,f_jpg?from=ke.com
20210126,宝安区,新安,灵芝地铁口 19年新社区 户型方正 精装四房,1400万,高楼层                                    (共27层)                                                                      | 2018年建 |                                4室2厅 | 122.74平米                                  | 东南,http://ke-image.ljcdn.com/110000-inspection/pc1_4aQNWnebf_1.jpg!m_fill,w_280,h_210,f_jpg?from=ke.com
20210126,宝安区,新安,中洲华府 4室1厅 南,2188万,高楼层                                    (共30层)                                                                      | 2015年建 |                                4室1厅 | 172.59平米                                  | 南,http://ke-image.ljcdn.com/440300-inspection/prod-ac740241-24d8-41ab-a325-764a3f0c3d1f.jpg!m_fill,w_280,h_210,f_jpg?from=ke.com
20210126,宝安区,新安,玖悦 3室1厅 东南,1200万,中楼层                                    (共27层)                                                                      | 2018年建 |                                3室1厅 | 81.98平米                                  | 东南,http://ke-image.ljcdn.com/110000-inspection/pc1_HfSLE38Jk_1.jpg!m_fill,w_280,h_210,f_jpg?from=ke.com
20210126,宝安区,新安,万达商圈  电梯精装两房  满五年  采光视野好,450万,中楼层                                    (共22层)                                                                      | 2011年建 |                                2室1厅 | 41.33平米                                  | 西北,http://ke-image.ljcdn.com/110000-inspection/6d000292-4c86-496e-bb72-594b846b47c2_1000.jpg!m_fill,w_280,h_210,f_jpg?from=ke.com
20210126,宝安区,新安,地铁口，满五唯一，海雅商圈，诚心出售,800万,中楼层                                    (共10层)                                                                      | 1995年建 |                                2室2厅 | 79.1平米                                  | 东南,http://ke-image.ljcdn.com/110000-inspection/pc1_hc1XMO63A_1.jpg!m_fill,w_280,h_210,f_jpg?from=ke.com
20210126,宝安区,新安,品尚居 1室1厅 西北,450万,中楼层                                    (共22层)                                                                      | 2011年建 |                                1室1厅 | 41.33平米                                  | 西北,http://ke-image.ljcdn.com/110000-inspection/pc1_KzIglWfYq_1.jpg!m_fill,w_280,h_210,f_jpg?from=ke.com
20210126,宝安区,新安,近地铁口的电梯一房一厅，使用率高，视野开阔安静宜居,520万,高楼层                                    (共9层)                                                                      | 1993年建 |                                1室1厅 | 56.88平米                                  | 东南,http://ke-image.ljcdn.com/110000-inspection/3adeab45-031e-459d-9ca2-a74b5d0b514b_1000.jpg!m_fill,w_280,h_210,f_jpg?from=ke.com
20210126,宝安区,新安,新安片区温馨的大社区单间，一定是您的置业的不二选择,350万,低楼层                                    (共30层)                                                                      | 2005年建 |                                1室0厅 | 35平米                                  | 南,http://ke-image.ljcdn.com/110000-inspection/pc1_Z16Av029t_1.jpg!m_fill,w_280,h_210,f_jpg?from=ke.com
20210126,宝安区,新安,满五年，精装修，实用面积大，高楼层，采光充足。,1530万,高楼层                                    (共31层)                                                                      | 2013年建 |                                4室1厅 | 133.52平米                                  | 西北,http://ke-image.ljcdn.com/110000-inspection/pc1_Tm6eQ71Zf_1.jpg!m_fill,w_280,h_210,f_jpg?from=ke.com
20210126,宝安区,新安,宝中金质好房！税费 格局利用率大！！！,1110万,中楼层                                    (共16层)                                                                      | 2008年建 |                                2室1厅 | 64.83平米                                  | 西南,http://ke-image.ljcdn.com/110000-inspection/pc1_CNoioFGCQ_1.jpg!m_fill,w_280,h_210,f_jpg?from=ke.com
20210126,宝安区,新安,灵芝地铁口 低楼层大三房 建安xuexiao 税费少,640万,低楼层                                    (共7层)                                                                      | 1991年建 |                                3室2厅 | 98.4平米                                  | 东北,http://ke-image.ljcdn.com/110000-inspection/pc1_9v6P8SSg4_1.jpg!m_fill,w_280,h_210,f_jpg?from=ke.com
20210126,宝安区,新安,满五唯一 红本在手  70年产权,880万,高楼层                                    (共29层)                                                                      | 2000年建 |                                2室1厅 | 85.84平米                                  | 西北,http://ke-image.ljcdn.com/110000-inspection/pc1_zn8vtJNUE_1.jpg!m_fill,w_280,h_210,f_jpg?from=ke.com
20210126,宝安区,新安,业主诚心出售  高楼层视野好 看花园安静必看好房,403万,高楼层                                    (共31层)                                                                      | 2006年建 |                                1室1厅 | 40.87平米                                  | 西北,http://ke-image.ljcdn.com/110000-inspection/pc1_s78KMoY0I_1.jpg!m_fill,w_280,h_210,f_jpg?from=ke.com
20210126,宝安区,新安,中间楼层大3房  安静户型 业主诚心出售,610万,中楼层                                    (共8层)                                                                      | 1994年建 |                                3室1厅 | 91.63平米                                  | 南,http://ke-image.ljcdn.com/110000-inspection/pc1_rQ6OB3rlO_1.jpg!m_fill,w_280,h_210,f_jpg?from=ke.com
20210126,宝安区,新安,视野开阔，采光通风好，小区配套设施齐全。,880万,高楼层                                    (共33层)                                                                      | 2015年建 |                                3室2厅 | 87.94平米                                  | 东南,http://ke-image.ljcdn.com/110000-inspection/687fbda7-850f-4b24-b35a-03aa8509086a_1000.jpg!m_fill,w_280,h_210,f_jpg?from=ke.com
20210126,宝安区,新安,华夏楼  拆..迁物业  满五唯一 拓展面积多,980万,中楼层                                    (共8层)                                                                      | 1992年建 |                                4室2厅 | 109.2平米                                  | 南 北,http://ke-image.ljcdn.com/110000-inspection/pc1_YrW6rzKtF_1.jpg!m_fill,w_280,h_210,f_jpg?from=ke.com
20210126,宝安区,新安,佳华电梯两房，宝中本部为邻，陪读好选择，业主诚心卖,740万,高楼层                                    (共16层)                                                                      | 2008年建 |                                2室1厅 | 43.21平米                                  | 东南,http://ke-image.ljcdn.com/440300-inspection/prod-653ae205-4e4b-49e0-816c-6a46b95c659f.jpg!m_fill,w_280,h_210,f_jpg?from=ke.com
20210126,宝安区,新安,风尚时代  优质两房   配套完善,338万,中楼层                                    (共7层)                                                                      | 1996年建 |                                2室1厅 | 68.84平米                                  | 西南,http://ke-image.ljcdn.com/110000-inspection/pc1_DsEpYWZz5_1.jpg!m_fill,w_280,h_210,f_jpg?from=ke.com
20210126,宝安区,新安,此房满五年，地铁口物业，看房方便，必看好房,500万,高楼层                                    (共4层)                                                                      | 1988年建 |                                3室2厅 | 91.1平米                                  | 东南,http://ke-image.ljcdn.com/110000-inspection/pc1_IUBPUk73u_1.jpg!m_fill,w_280,h_210,f_jpg?from=ke.com
20210126,宝安区,新安,5号线地铁灵芝站、精致三房朝南享受阳光生活、五满年必看好房,548万,中楼层                                    (共8层)                                                                      | 1993年建 |                                4室1厅 | 86.8平米                                  | 东南,http://ke-image.ljcdn.com/110000-inspection/pc1_zTCHYnrp5_1.jpg!m_fill,w_280,h_210,f_jpg?from=ke.com
20210126,宝安区,新安,满五唯一 红本在手 12号线新安公园站满五唯一 红本,930万,高楼层                                    (共5层)                                                                      | 1993年建 |                                3室2厅 | 83.7平米                                  | 西南,http://ke-image.ljcdn.com/110000-inspection/9476dc88-c3a9-4c59-8888-3ca7463e8f89_1000.jpg!m_fill,w_280,h_210,f_jpg?from=ke.com
20210126,宝安区,新安,此房满五年唯一住房，精装电梯3房，业主诚心出售,1168万,低楼层                                    (共11层)                                                                      | 2001年建 |                                3室1厅 | 107.53平米                                  | 东北,http://ke-image.ljcdn.com/110000-inspection/pc1_vEsbFYjzZ_1.jpg!m_fill,w_280,h_210,f_jpg?from=ke.com
20210126,宝安区,新安,此房满五年唯一，红本在手，税费低，精装修，保养好,1055万,中楼层                                    (共17层)                                                                      | 2008年建 |                                3室2厅 | 70.38平米                                  | 西南,http://ke-image.ljcdn.com/110000-inspection/pc1_ISaQETQn8_1.jpg!m_fill,w_280,h_210,f_jpg?from=ke.com
20210126,宝安区,新安,洪浪北 宝安32区 满五唯一红本在手 业主诚心出售,580万,中楼层                                    (共6层)                                                                      | 1992年建 |                                4室2厅 | 108.64平米                                  | 东南,http://ke-image.ljcdn.com/110000-inspection/pc1_9ZpEiMSuZ_1.jpg!m_fill,w_280,h_210,f_jpg?from=ke.com
20210126,宝安区,新安,客厅和三个房间朝东南 满五年 红本在手 精装,1080万,中楼层                                    (共15层)                                                                      | 1997年建 |                                3室2厅 | 121.07平米                                  | 东南,http://ke-image.ljcdn.com/110000-inspection/pc1_NzveR69ZG_1.jpg!m_fill,w_280,h_210,f_jpg?from=ke.com
20210126,宝安区,新安,华联全景单证，双阳台，独门独户,2280万,中楼层                                    (共39层)                                                                      | 2016年建 |                                4室2厅 | 142.97平米                                  | 东南,http://ke-image.ljcdn.com/110000-inspection/cbd99ff9-685e-4f64-a537-7e5dd73d517b_1000.jpg!m_fill,w_280,h_210,f_jpg?from=ke.com
20210126,宝安区,新安,诚心出售，正规2房2厅，花园中间，安静，通风采光好必看好房,880万,高楼层                                    (共7层)                                                                      | 2001年建 |                                2室2厅 | 76平米                                  | 东南,http://ke-image.ljcdn.com/110000-inspection/pc1_Unbg26lNg_1.jpg!m_fill,w_280,h_210,f_jpg?from=ke.com
20210126,宝安区,新安,大花园社区、满5年大5房、双地铁物业、安静舒适,1049.5万,低楼层                                    (共33层)                                                                      | 2001年建 |                                5室2厅 | 138.28平米                                  | 东南,http://ke-image.ljcdn.com/110000-inspection/pc1_BWSFcQnjz_1.jpg!m_fill,w_280,h_210,f_jpg?from=ke.com
20210126,宝安区,新安,满五年，通透户型，精装修，采光充足,1550万,中楼层                                    (共30层)                                                                      | 2013年建 |                                3室2厅 | 133.53平米                                  | 南,http://ke-image.ljcdn.com/110000-inspection/pc1_XvtB6QmWD_1.jpg!m_fill,w_280,h_210,f_jpg?from=ke.com
20210126,宝安区,新安,精装1房1厅 全新装修 安静东南向 中间楼层 采光视野好,425万,中楼层                                    (共31层)                                                                      | 2011年建 |                                1室1厅 | 48.6平米                                  | 东南,http://ke-image.ljcdn.com/110000-inspection/47bb0cba-27c3-4a86-a9bc-0e038a83ad3a_1000.jpg!m_fill,w_280,h_210,f_jpg?from=ke.com
20210126,宝安区,新安,双地铁口 次新小区 央企品质 高楼层南北通,1400万,中楼层                                    (共45层)                                                                      | 2016年建 |                                3室2厅 | 89.37平米                                  | 南 北,http://ke-image.ljcdn.com/110000-inspection/pc1_IlQuTrqi1_1.jpg!m_fill,w_280,h_210,f_jpg?from=ke.com
20210126,宝安区,新安,花园社区电梯两房 环境安静 生活便利 近公园,730万,中楼层                                    (共33层)                                                                      | 1999年建 |                                2室1厅 | 81.33平米                                  | 东南,http://ke-image.ljcdn.com/110000-inspection/pc1_6bWiChCUM_1.jpg!m_fill,w_280,h_210,f_jpg?from=ke.com
20210126,宝安区,新安,5号线大三房业主诚心出售看房方便,710万,低楼层                                    (共12层)                                                                      | 1998年建 |                                3室2厅 | 116.1平米                                  | 东南,http://ke-image.ljcdn.com/110000-inspection/pc1_TgdBOLNNq_1.jpg!m_fill,w_280,h_210,f_jpg?from=ke.com
20210126,宝安区,新安,大花园小区正规三房业主诚心出售,660万,高楼层                                    (共8层)                                                                      | 2000年建 |                                3室1厅 | 80平米                                  | 东南,http://ke-image.ljcdn.com/110000-inspection/pc1_OXGamIyF6_1.jpg!m_fill,w_280,h_210,f_jpg?from=ke.com
20210126,宝安区,新安,楼下沃尔玛，紧靠万达，天虹，精装一房，满五唯一！,418万,高楼层                                    (共31层)                                                                      | 2011年建 |                                1室1厅 | 48平米                                  | 西北,http://ke-image.ljcdn.com/110000-inspection/f17f1d2f-0da7-49aa-a19a-ae2558d6acb9_1000.jpg!m_fill,w_280,h_210,f_jpg?from=ke.com
20210126,宝安区,新安,公务员小区 花园正中间栋 楼层好 满五年唯一 业主诚心,1180万,低楼层                                    (共7层)                                                                      | 1999年建 |                                4室2厅 | 125.47平米                                  | 东南,http://ke-image.ljcdn.com/110000-inspection/pc1_zJru4HqIl_1.jpg!m_fill,w_280,h_210,f_jpg?from=ke.com
20210126,宝安区,新安,灵芝地 铁 口精装三房，花园中间，中间楼层,518万,中楼层                                    (共6层)                                                                      | 1991年建 |                                3室1厅 | 75.3平米                                  | 东南,http://ke-image.ljcdn.com/110000-inspection/pc1_Ip3KFRPQE_1.jpg!m_fill,w_280,h_210,f_jpg?from=ke.com
20210126,宝安区,新安,香缤广场一房一厅 海雅商圈 满五年 业主诚心卖,430万,中楼层                                    (共31层)                                                                      | 2006年建 |                                1室1厅 | 48.09平米                                  | 西南,http://ke-image.ljcdn.com/110000-inspection/pc1_TWxnnYtKZ_1.jpg!m_fill,w_280,h_210,f_jpg?from=ke.com
20210126,宝安区,新安,沃尔玛楼上电梯小两房  旁边就是万达 业主诚心出售,405万,高楼层                                    (共31层)                                                                      | 2011年建 |                                2室1厅 | 42.17平米                                  | 西南,http://ke-image.ljcdn.com/110000-inspection/pc1_rbehluCi3_1.jpg!m_fill,w_280,h_210,f_jpg?from=ke.com
20210126,宝安区,新安,新安湖 电梯精装修 花园中间安静 入户可使用 看房方便,1020万,中楼层                                    (共8层)                                                                      | 1993年建 |                                4室2厅 | 120.1平米                                  | 东南,http://ke-image.ljcdn.com/440300-inspection/prod-c1c40795-516d-4d25-81e5-07ca756ef6b4.jpg!m_fill,w_280,h_210,f_jpg?from=ke.com
20210126,宝安区,新安,地理位置好  配套完善   旁边就是公园   满5年必看好房,980万,高楼层                                    (共29层)                                                                      | 2000年建 |                                3室2厅 | 101.21平米                                  | 东,http://ke-image.ljcdn.com/110000-inspection/pc1_pYP8BZLby_1.jpg!m_fill,w_280,h_210,f_jpg?from=ke.com
20210126,宝安区,新安,河滨阁 4室2厅 南,750万,低楼层                                    (共8层)                                                                      | 1993年建 |                                4室2厅 | 114.9平米                                  | 南,http://ke-image.ljcdn.com/110000-inspection/pc1_qNazQPy8u_1.jpg!m_fill,w_280,h_210,f_jpg?from=ke.com
20210126,宝安区,新安,此房满五年 ，大三房，户型方正 近公园,660万,高楼层                                    (共7层)                                                                      | 1991年建 |                                3室2厅 | 98.7平米                                  | 南,http://ke-image.ljcdn.com/110000-inspection/043519b4-789c-4501-a0ec-e5b6959e8e44_1000.jpg!m_fill,w_280,h_210,f_jpg?from=ke.com
20210126,宝安区,新安,满五唯一  红本在手  精装住家保养好,1400万,高楼层                                    (共26层)                                                                      | 2013年建 |                                3室2厅 | 89.49平米                                  | 东,http://ke-image.ljcdn.com/110000-inspection/pc1_ouT8sanTD_1.jpg!m_fill,w_280,h_210,f_jpg?from=ke.com
20210126,宝安区,新安,全新装修标准三房 满五唯一有红本必看好房,685万,高楼层                                    (共33层)                                                                      | 2001年建 |                                3室1厅 | 74.32平米                                  | 东南,http://ke-image.ljcdn.com/110000-inspection/pc1_JdHjfGZ8n_1.jpg!m_fill,w_280,h_210,f_jpg?from=ke.com
20210126,宝安区,新安,弘雅片区品尚居明星小户型方正可gai成两个房间,450万,高楼层                                    (共22层)                                                                      | 2011年建 |                                1室1厅 | 41.33平米                                  | 西北,http://ke-image.ljcdn.com/110000-inspection/92c7190f-4146-4f8c-b4ce-3d5a2ee4af3f_1000.jpg!m_fill,w_280,h_210,f_jpg?from=ke.com
20210126,宝安区,新安,地铁口物业，满五唯一， 花园中间,700万,低楼层                                    (共6层)                                                                  3室2厅 | 101.3平米                                  | 南,http://ke-image.ljcdn.com/110000-inspection/cac55396-fbe6-4e78-b226-34ec40d4aceb_1000.jpg!m_fill,w_280,h_210,f_jpg?from=ke.com
20210126,宝安区,新安,鸿荣源小区 雅豪轩 红本在手  诚心出售,1220万,中楼层                                    (共12层)                                                                      | 1999年建 |                                4室2厅 | 174.89平米                                  | 东南,http://ke-image.ljcdn.com/110000-inspection/pc1_R91xsBDwV_1.jpg!m_fill,w_280,h_210,f_jpg?from=ke.com
20210126,宝安区,新安,中洲华府 4室2厅 西北,1820万,中楼层                                    (共31层)                                                                      | 2013年建 |                                4室2厅 | 158平米                                  | 西北,http://ke-image.ljcdn.com/110000-inspection/pc1_BPgP7S83K_1.jpg!m_fill,w_280,h_210,f_jpg?from=ke.com
20210126,宝安区,新安,刚需实用两房，红本在手满五唯一，一梯两户，户型通透,500万,中楼层                                    (共7层)                                                                      | 1992年建 |                                2室2厅 | 75.12平米                                  | 西南,http://ke-image.ljcdn.com/110000-inspection/f53a8e13-2f55-4888-843e-a282ce707791_1000.jpg!m_fill,w_280,h_210,f_jpg?from=ke.com
20210126,宝安区,新安,已买新房急售，12号线上川站300米，满五唯一红本在手必看好房,205万,高楼层                                    (共7层)                                                                      | 1993年建 |                                1室0厅 | 28.5平米                                  | 西南,http://ke-image.ljcdn.com/110000-inspection/pc1_36YSXQbIi_1.jpg!m_fill,w_280,h_210,f_jpg?from=ke.com
20210126,宝安区,新安,满五红本在手、户型通透、充分呵护孩子璀璨起航必看好房,1080万,高楼层                                    (共7层)                                                                      | 1998年建 |                                3室2厅 | 105.81平米                                  | 东南,http://ke-image.ljcdn.com/110000-inspection/pc1_hCFk1Afqv_1.jpg!m_fill,w_280,h_210,f_jpg?from=ke.com
20210126,宝安区,新安,满五唯一，小户型住宅。税费少，12号线上川站地铁口,266万,高楼层                                    (共7层)                                                                      | 1993年建 |                                1室1厅 | 34.1平米                                  | 东北,http://ke-image.ljcdn.com/110000-inspection/pc1_n0iu5AYL3_1.jpg!m_fill,w_280,h_210,f_jpg?from=ke.com
20210126,宝安区,新安,新安湖花园 小两房电梯房 满五年 诚心出售,468万,低楼层                                    (共33层)                                                                      | 2001年建 |                                2室1厅 | 51.97平米                                  | 东 西,http://ke-image.ljcdn.com/110000-inspection/pc1_hPTTzMqiv_1.jpg!m_fill,w_280,h_210,f_jpg?from=ke.com
20210126,宝安区,新安,黄金大厦 1室1厅 东北,425万,中楼层                                    (共32层)                                                                      | 2011年建 |                                1室1厅 | 47.41平米                                  | 东北,http://ke-image.ljcdn.com/110000-inspection/acfeee6a-8582-4ab5-b6d8-6f63275265b5_1000.jpg!m_fill,w_280,h_210,f_jpg?from=ke.com
20210126,宝安区,新安,黄金大厦 3室2厅 东南,689万,高楼层                                    (共32层)                                                                      | 2011年建 |                                3室2厅 | 77.59平米                                  | 东南,http://ke-image.ljcdn.com/110000-inspection/pc1_1SUsAPXkj_1.jpg!m_fill,w_280,h_210,f_jpg?from=ke.com
20210126,宝安区,新安,鸿荣源开发，东南三房安静户型，满五唯一，红本在手,700万,低楼层                                    (共8层)                                                                      | 2000年建 |                                3室1厅 | 88.83平米                                  | 东南,http://ke-image.ljcdn.com/110000-inspection/pc1_XADH8AtnT_1.jpg!m_fill,w_280,h_210,f_jpg?from=ke.com
20210126,宝安区,新安,满五年，精致装修，看小区花园，4房2卫，通透户型。必看好房,1565万,中楼层                                    (共30层)                                                                      | 2013年建 |                                4室2厅 | 133.43平米                                  | 南,http://ke-image.ljcdn.com/110000-inspection/pc1_Ly5ZoXVA8_1.jpg!m_fill,w_280,h_210,f_jpg?from=ke.com
20210126,宝安区,新安,满五唯一税费少 中间楼层采光好 精装修拎包入住！,838万,高楼层                                    (共16层)                                                                      | 1993年建 |                                3室2厅 | 82.1平米                                  | 东南,http://ke-image.ljcdn.com/110000-inspection/pc1_Yb3EtI86w_1.jpg!m_fill,w_280,h_210,f_jpg?from=ke.com
20210126,宝安区,新安,近灵芝站建安花园标准三房 装修保养好 业主诚心卖,497万,中楼层                                    (共8层)                                                                      | 1993年建 |                                3室2厅 | 74.2平米                                  | 东北,http://ke-image.ljcdn.com/110000-inspection/pc1_Y9TLAqAMU_1.jpg!m_fill,w_280,h_210,f_jpg?from=ke.com
20210126,宝安区,新安,满5年，没有个税，花园中间，安静,1080万,中楼层                                    (共7层)                                                                      | 1993年建 |                                3室2厅 | 90.4平米                                  | 南,http://ke-image.ljcdn.com/110000-inspection/pc1_81aAiNAVE_1.jpg!m_fill,w_280,h_210,f_jpg?from=ke.com
20210126,宝安区,新安,旭仕达名苑精装三房，业主诚心出售，看房方便,769万,中楼层                                    (共17层)                                                                      | 2003年建 |                                3室2厅 | 108.95平米                                  | 西北,http://ke-image.ljcdn.com/110000-inspection/pc1_DxgqP1bWs_1.jpg!m_fill,w_280,h_210,f_jpg?from=ke.com
20210126,宝安区,新安,鸿荣源开发商 小三房 满五年唯一红本在手,690万,中楼层                                    (共8层)                                                                      | 2000年建 |                                3室1厅 | 79.66平米                                  | 西北,http://ke-image.ljcdn.com/110000-inspection/2a157678-f789-4299-941f-a03b9bf21494_1000.jpg!m_fill,w_280,h_210,f_jpg?from=ke.com
20210126,宝安区,新安,此房满五唯一，三房二卫，住家精装,1390万,高楼层                                    (共26层)                                                                      | 2013年建 |                                3室2厅 | 89.47平米                                  | 南,http://ke-image.ljcdn.com/110000-inspection/pc1_0naHEoaoS_1.jpg!m_fill,w_280,h_210,f_jpg?from=ke.com
20210126,宝安区,新安,中洲二期   奢阔4房3阳台   前看公园后看花园,1938万,中楼层                                    (共29层)                                                                      | 2015年建 |                                4室2厅 | 153平米                                  | 东南,http://ke-image.ljcdn.com/110000-inspection/pc1_pFf45eFpj_1.jpg!m_fill,w_280,h_210,f_jpg?from=ke.com
20210126,宝安区,新安,中高楼层，满五唯一，无欠款。业主自住,510万,中楼层                                    (共8层)                                                                      | 1992年建 |                                3室1厅 | 72平米                                  | 东南 西北,http://ke-image.ljcdn.com/110000-inspection/556c7200-2b4a-4b3e-8742-2bbb8e47860c_1000.jpg!m_fill,w_280,h_210,f_jpg?from=ke.com
20210126,宝安区,新安,11年新社区 楼下沃尔玛 精装1房 客厅出阳台,425万,中楼层                                    (共32层)                                                                      | 2011年建 |                                1室1厅 | 47.21平米                                  | 西北,http://ke-image.ljcdn.com/110000-inspection/968a406e-1b03-4d83-a1ef-03203930be48_1000.jpg!m_fill,w_280,h_210,f_jpg?from=ke.com
20210126,宝安区,新安,宝安万达电梯房 业主诚心卖 价格可以谈！,420万,中楼层                                    (共32层)                                                                      | 2011年建 |                                1室1厅 | 47.39平米                                  | 东南,http://ke-image.ljcdn.com/110000-inspection/38814326-7309-439a-83a4-04057156bfee_1000.jpg!m_fill,w_280,h_210,f_jpg?from=ke.com
20210126,宝安区,新安,满五唯一红本大四房带私家车位换房急售！(店长推荐）,1330万,高楼层                                    (共10层)                                                                      | 2001年建 |                                4室2厅 | 114.5平米                                  | 东南 西南,http://ke-image.ljcdn.com/110000-inspection/pc1_Dt3j2fHKl_1.jpg!m_fill,w_280,h_210,f_jpg?from=ke.com
20210126,宝安区,新安,大花园社区 新安湖花园两房 满五年 业主诚心卖,710万,低楼层                                    (共33层)                                                                      | 2003年建 |                                2室1厅 | 85.75平米                                  | 西北,http://ke-image.ljcdn.com/110000-inspection/pc1_29nEna8Dm_1.jpg!m_fill,w_280,h_210,f_jpg?from=ke.com
20210126,宝安区,新安,此房满五唯一，通透格局，楼层好，视野宽阔必看好房,980万,高楼层                                    (共7层)                                                                      | 1992年建 |                                3室1厅 | 88.56平米                                  | 东南,http://ke-image.ljcdn.com/440300-inspection/pc1_BcluG7ONA_1.jpg!m_fill,w_280,h_210,f_jpg?from=ke.com
20210126,宝安区,新安,新安湖花园 2室1厅 西北,735万,高楼层                                    (共33层)                                                                      | 2003年建 |                                2室1厅 | 85.29平米                                  | 西北,http://ke-image.ljcdn.com/110000-inspection/pc1_FLzVhXRH0_1.jpg!m_fill,w_280,h_210,f_jpg?from=ke.com
20210126,宝安区,新安,5号线灵芝站直线700米内，建安文汇未用，价格可议！,290万,中楼层                                    (共7层)                                                                      | 1993年建 |                                1室1厅 | 34.1平米                                  | 东,http://ke-image.ljcdn.com/110000-inspection/pc1_jM0SDTqO4_1.jpg!m_fill,w_280,h_210,f_jpg?from=ke.com
20210126,宝安区,新安,户型通透，三面采光，朝南看灵芝公园全景,1950万,中楼层                                    (共30层)                                                                      | 2015年建 |                                5室2厅 | 168.25平米                                  | 南,http://ke-image.ljcdn.com/110000-inspection/pc1_PWUQlagLN_1.jpg!m_fill,w_280,h_210,f_jpg?from=ke.com
20210126,宝安区,新安,满五唯一，红本在手，税费低，近5号线灵芝站,350万,高楼层                                    (共7层)                                                                      | 1993年建 |                                1室0厅 | 34.1平米                                  | 东北,http://ke-image.ljcdn.com/110000-inspection/01409052-179b-449a-a78c-58b19434595c_1000.jpg!m_fill,w_280,h_210,f_jpg?from=ke.com
20210126,宝安区,新安,满五唯一，客厅出阳台，中高层采光好，红本在手,885万,中楼层                                    (共9层)                                                                      | 1993年建 |                                2室1厅 | 78平米                                  | 东南,http://ke-image.ljcdn.com/110000-inspection/pc1_qix0ai60Y_1.jpg!m_fill,w_280,h_210,f_jpg?from=ke.com
20210126,宝安区,新安,户型方正，通风透气，精装修，业主自住，看房方便。,880万,低楼层                                    (共12层)                                                                      | 1999年建 |                                3室1厅 | 109.34平米                                  | 东南,http://ke-image.ljcdn.com/110000-inspection/df2ce88d-9d1d-4c88-a8af-7defe2b6493f_1000.jpg!m_fill,w_280,h_210,f_jpg?from=ke.com
20210126,宝安区,新安,满五年唯一税费少 电梯房 户型方正实用必看好房,415万,高楼层                                    (共32层)                                                                      | 2011年建 |                                2室1厅 | 47.41平米                                  | 东北,http://ke-image.ljcdn.com/110000-inspection/pc1_VUYOqddMa_1.jpg!m_fill,w_280,h_210,f_jpg?from=ke.com
20210126,宝安区,新安,利安公寓，单间小户型，满五唯一，临地铁,260万,中楼层                                    (共7层)                                                                      | 1993年建 |                                1室0厅 | 28.5平米                                  | 南,http://ke-image.ljcdn.com/440300-inspection/prod-7ab1fc96-cbb9-4ddb-8404-364a4423f1d7.jpg!m_fill,w_280,h_210,f_jpg?from=ke.com
20210126,宝安区,新安,后门直达宝安茽学 精装三房 红本在手 满五年家庭唯一,1150万,中楼层                                    (共8层)                                                                      | 1998年建 |                                3室2厅 | 105.83平米                                  | 东南,http://ke-image.ljcdn.com/110000-inspection/pc1_WiOxZq5qI_1.jpg!m_fill,w_280,h_210,f_jpg?from=ke.com
20210126,宝安区,新安,24区宝民花园，新政不受影响！！满五唯一 看房方便,645万,低楼层                                    (共7层)                                                                      | 1992年建 |                                3室1厅 | 98.4平米                                  | 东,http://ke-image.ljcdn.com/110000-inspection/pc1_job7Jj39d_1.jpg!m_fill,w_280,h_210,f_jpg?from=ke.com
20210126,宝安区,新安,正规大2房 方正实用 采光视野好 学习氛围好 满五必看好房,960万,低楼层                                    (共16层)                                                                      | 2008年建 |                                2室1厅 | 65.7平米                                  | 东南 西南,http://ke-image.ljcdn.com/110000-inspection/ee876186-89dd-4dad-8ede-8c55857e19f6_1000.jpg!m_fill,w_280,h_210,f_jpg?from=ke.com
20210126,宝安区,新安,碧涛苑 4房2卫双阳台 满五唯一 红本在手,768万,中楼层                                    (共11层)                                                                      | 1998年建 |                                4室2厅 | 139.5平米                                  | 东北,http://ke-image.ljcdn.com/110000-inspection/295406b9-fb2a-430d-a953-a0b5153b6aba_1000.jpg!m_fill,w_280,h_210,f_jpg?from=ke.com
20210126,宝安区,新安,满五唯一，高楼层通风采光好，全屋木地板，整洁舒适必看好房,1008万,高楼层                                    (共29层)                                                                      | 2000年建 |                                3室2厅 | 101.21平米                                  | 南,http://ke-image.ljcdn.com/110000-inspection/pc1_4mIK9mRd0_1.jpg!m_fill,w_280,h_210,f_jpg?from=ke.com
20210126,宝安区,新安,满五年，户型通透格局好，楼层高视野宽阔,1680万,高楼层                                    (共29层)                                                                      | 2015年建 |                                4室2厅 | 150.21平米                                  | 西南,http://ke-image.ljcdn.com/110000-inspection/pc1_QoGJd7lod_1.jpg!m_fill,w_280,h_210,f_jpg?from=ke.com
20210126,宝安区,新安,鸿荣源次新电梯宜居小三房，安静朝南，配套成熟,560万,高楼层                                    (共12层)                                                                      | 2000年建 |                                3室2厅 | 67.14平米                                  | 西南,http://ke-image.ljcdn.com/110000-inspection/a783e928-dc48-4fd7-ad61-1000ef2bb5ef_1000.jpg!m_fill,w_280,h_210,f_jpg?from=ke.com
20210126,宝安区,新安,地铁口，品质小区，精装修，东南向，居家安静,1540万,低楼层                                    (共31层)                                                                      | 2013年建 |                                4室2厅 | 138.22平米                                  | 东南,http://ke-image.ljcdn.com/110000-inspection/pc1_uQPfm5QuB_1.jpg!m_fill,w_280,h_210,f_jpg?from=ke.com
20210126,宝安区,新安,都市翠海唯一3房户型，东南朝向看灵芝公园全景必看好房,940万,中楼层                                    (共22层)                                                                      | 2005年建 |                                3室1厅 | 79.95平米                                  | 东南,http://ke-image.ljcdn.com/110000-inspection/pc1_mAtTZLH2p_1.jpg!m_fill,w_280,h_210,f_jpg?from=ke.com
20210126,宝安区,新安,此房满五年唯一，红本在手，税费低，精装修，保养好,1130万,低楼层                                    (共16层)                                                                      | 2008年建 |                                2室1厅 | 71.06平米                                  | 西南,http://ke-image.ljcdn.com/110000-inspection/pc1_F7V9VIP9B_1.jpg!m_fill,w_280,h_210,f_jpg?from=ke.com
20210126,宝安区,新安,宝中小户型，商铺，业主诚心出售,450万,低楼层                                    (共9层)                                                                  1室1厅 | 43.91平米                                  | 南,http://ke-image.ljcdn.com/110000-inspection/pc1_QP39uHJi5_2.jpg!m_fill,w_280,h_210,f_jpg?from=ke.com
20210126,宝安区,新安,此房满五唯一 红本在手 70年产权 东南向看花园,1388万,中楼层                                    (共7层)                                                                      | 1998年建 |                                3室2厅 | 106平米                                  | 东南,http://ke-image.ljcdn.com/110000-inspection/pc1_ws8RGEYzF_1.jpg!m_fill,w_280,h_210,f_jpg?from=ke.com
20210126,宝安区,新安,低总价地铁精装两房，户型方正，通风采光好，交通便捷,390万,高楼层                                    (共31层)                                                                      | 2018年建 |                                2室1厅 | 76.96平米                                  | 东南,http://ke-image.ljcdn.com/110000-inspection/pc1_jpEKEtRUl_1.jpg!m_fill,w_280,h_210,f_jpg?from=ke.com
20210126,宝安区,新安,12号线新安公园站 湖景居 住家四房 海雅商圈带车位必看好房,1318万,中楼层                                    (共29层)                                                                      | 2000年建 |                                4室2厅 | 146.84平米                                  | 东南,http://ke-image.ljcdn.com/110000-inspection/pc1_8lkapic03_1.jpg!m_fill,w_280,h_210,f_jpg?from=ke.com
20210126,宝安区,新安,华联城市全景壹号 1室1厅 南,450万,中楼层                                    (共29层)                                                                      | 2016年建 |                                1室1厅 | 56.02平米                                  | 南,http://ke-image.ljcdn.com/110000-inspection/pc1_rFNbZMoXg_1.jpg!m_fill,w_280,h_210,f_jpg?from=ke.com
20210126,宝安区,新安,房子已满五年，装修不错西南朝向视野开阔，配套全齐,730万,中楼层                                    (共28层)                                                                      | 1995年建 |                                2室2厅 | 72平米                                  | 西南,http://ke-image.ljcdn.com/110000-inspection/pc1_HVIbakmHV_1.jpg!m_fill,w_280,h_210,f_jpg?from=ke.com
20210126,宝安区,新安,12号线上川站500米内，看房方便，诚心出售价格可议！,335万,低楼层                                    (共7层)                                                                      | 1993年建 |                                1室1厅 | 34.1平米                                  | 东南,http://ke-image.ljcdn.com/110000-inspection/pc1_C0wrWO6Cr_1.jpg!m_fill,w_280,h_210,f_jpg?from=ke.com
20210126,宝安区,新安,户型方正 动静分离 全明格局 满两年 业主诚卖,1350万,中楼层                                    (共45层)                                                                      | 2017年建 |                                3室2厅 | 88.64平米                                  | 东北,http://ke-image.ljcdn.com/110000-inspection/pc1_Hd6Fzgyep_1.jpg!m_fill,w_280,h_210,f_jpg?from=ke.com
20210126,宝安区,新安,满五年唯一，税费少，业主自住装修，户型方正,425万,中楼层                                    (共8层)                                                                      | 2000年建 |                                2室1厅 | 50.29平米                                  | 东南,http://ke-image.ljcdn.com/110000-inspection/518a25db-6890-48ea-9f72-5439842c1e2b_1000.jpg!m_fill,w_280,h_210,f_jpg?from=ke.com
20210126,宝安区,新安,兴东地铁口，一房一厅，业主诚心卖房，开发商精装修！,210万,中楼层                                    (共31层)                                                                      | 2018年建 |                                1室1厅 | 45.47平米                                  | 东南,http://ke-image.ljcdn.com/110000-inspection/pc1_Y6SoNA4SR_1.jpg!m_fill,w_280,h_210,f_jpg?from=ke.com
20210126,宝安区,新安,经典两房户型，随时可签约，靠谱出售，看房提前联系必看好房,335万,中楼层                                    (共32层)                                                                      | 2005年建 |                                2室1厅 | 37.33平米                                  | 东南,http://ke-image.ljcdn.com/110000-inspection/pc1_eelJBXyop_1.jpg!m_fill,w_280,h_210,f_jpg?from=ke.com
20210126,宝安区,新安,复式五房，上下两层，一梯两户南,带私家花园70平！必看好房,1380万,高楼层                                    (共8层)                                                                      | 1998年建 |                                5室3厅 | 179.45平米                                  | 东南 西南,http://ke-image.ljcdn.com/110000-inspection/pc1_G1bl7zZVS_1.jpg!m_fill,w_280,h_210,f_jpg?from=ke.com
20210126,宝安区,新安,满五年不唯一，税费少，小孩子上学近，近灵芝地铁口,262万,中楼层                                    (共7层)                                                                      | 1993年建 |                                1室0厅 | 28.5平米                                  | 西南,http://ke-image.ljcdn.com/110000-inspection/73e08c88-e985-46de-9301-914ef43158ad_1000.jpg!m_fill,w_280,h_210,f_jpg?from=ke.com
20210126,宝安区,新安,玖悦 3室2厅 东北必看好房,1050万,中楼层                                    (共27层)                                                                      | 2018年建 |                                3室2厅 | 104.67平米                                  | 东北,http://ke-image.ljcdn.com/110000-inspection/pc1_RqSTinw2Y_1.jpg!m_fill,w_280,h_210,f_jpg?from=ke.com
20210126,宝安区,新安,采光通透视野开阔精装修住家舒适,1380万,中楼层                                    (共27层)                                                                      | 2018年建 |                                4室2厅 | 121.45平米                                  | 东南,http://ke-image.ljcdn.com/110000-inspection/pc1_qOyKfXtyp_1.jpg!m_fill,w_280,h_210,f_jpg?from=ke.com
20210126,宝安区,新安,诚心出售 总价低，精装修，易出租，好转手，位置好,310万,高楼层                                    (共21层)                                                                      | 2018年建 |                                3室2厅 | 57.2平米                                  | 南,http://ke-image.ljcdn.com/110000-inspection/pc1_TkB30T4FT_1.jpg!m_fill,w_280,h_210,f_jpg?from=ke.com
20210126,宝安区,新安,满五唯一，红本在手，采光好，配套齐全，交通便利,340万,低楼层                                    (共32层)                                                                      | 2005年建 |                                1室1厅 | 33.77平米                                  | 东南,http://ke-image.ljcdn.com/110000-inspection/pc1_GrfphVYzO_1.jpg!m_fill,w_280,h_210,f_jpg?from=ke.com
20210126,宝安区,新安,顶楼带露台，9房需要大户型的详情私聊,1600万,高楼层                                    (共19层)                                                                      | 2005年建 |                                9室3厅 | 151.51平米                                  | 西北,http://ke-image.ljcdn.com/440300-inspection/test-158d9b0c-2e0e-4d65-a887-a05044b32272.jpg!m_fill,w_280,h_210,f_jpg?from=ke.com
20210126,宝安区,新安,宝安兴东实用三房 宝中集团 诚意出售,837万,高楼层                                    (共8层)                                                                      | 2001年建 |                                3室1厅 | 84.34平米                                  | 东南,http://ke-image.ljcdn.com/440300-inspection/prod-cbf54cfe-5e34-4bd2-8960-d83570231ff5.jpg!m_fill,w_280,h_210,f_jpg?from=ke.com
20210126,宝安区,新安,华联城市全景壹号，70年产权，地铁口物业,520万,低楼层                                    (共29层)                                                                      | 2016年建 |                                1室0厅 | 48.11平米                                  | 南 东南,http://ke-image.ljcdn.com/110000-inspection/pc1_QJPwt2Jun_1.jpg!m_fill,w_280,h_210,f_jpg?from=ke.com
20210126,宝安区,新安,兴东地铁口 精装修 户型方正 采光通风好,220万,低楼层                                    (共31层)                                                                      | 2018年建 |                                1室1厅 | 44.56平米                                  | 东,http://ke-image.ljcdn.com/110000-inspection/pc1_V7LcuoV9d_1.jpg!m_fill,w_280,h_210,f_jpg?from=ke.com
20210126,宝安区,新安,诚心出售 央企开发 花园社区 交通方便 配套成熟,1350万,中楼层                                    (共45层)                                                                      | 2017年建 |                                3室2厅 | 88.43平米                                  | 东南,http://ke-image.ljcdn.com/110000-inspection/pc1_m6NrbgEuv_1.jpg!m_fill,w_280,h_210,f_jpg?from=ke.com
20210126,宝安区,新安,前进天虹边写字楼，建设中12号线地铁上川,492万,低楼层                                    (共17层)                                                                      | 2003年建 |                                1室0厅 | 174.28平米                                  | 西北,http://ke-image.ljcdn.com/110000-inspection/pc1_oxM095jdH_1.jpg!m_fill,w_280,h_210,f_jpg?from=ke.com
20210126,宝安区,新安,此房满五年唯一，南北通格局，实用率高，交通便利,700万,高楼层                                    (共8层)                                                                      | 1997年建 |                                3室2厅 | 114平米                                  | 东,http://ke-image.ljcdn.com/110000-inspection/pc1_DMwR9UBUW_1.jpg!m_fill,w_280,h_210,f_jpg?from=ke.com
20210126,宝安区,新安,创业二路公园路交汇花园小区毛坯商办物业看花园视野好,400万,低楼层                                    (共29层)                                                                      | 2016年建 |                                1室0厅 | 48.1平米                                  | 东南,http://ke-image.ljcdn.com/110000-inspection/pc1_WYnyWBwd1.jpg!m_fill,w_280,h_210,f_jpg?from=ke.com
20210126,宝安区,新安,70年产权商办红本在手近地铁主干道交通便利配套完善,400万,低楼层                                    (共29层)                                                                      | 2016年建 |                                1室0厅 | 48.1平米                                  | 东南,http://ke-image.ljcdn.com/110000-inspection/pc1_cCd6nckH6_1.jpg!m_fill,w_280,h_210,f_jpg?from=ke.com
20210126,宝安区,新安,洪浪北地铁、不需要购房资质，看房方便,380万,中楼层                                    (共29层)                                                                      | 2016年建 |                                1室0厅 | 48.1平米                                  | 西北,http://ke-image.ljcdn.com/110000-inspection/pc1_rGbtCZX48_1.jpg!m_fill,w_280,h_210,f_jpg?from=ke.com
20210126,宝安区,新安,业主诚心出售或出租。。。。。。。,450万,中楼层                                    (共29层)                                                                      | 2016年建 |                                1室0厅 | 54.45平米                                  | 南 北,http://ke-image.ljcdn.com/110000-inspection/pc1_1BSYlvG9Z_1.jpg!m_fill,w_280,h_210,f_jpg?from=ke.com
20210126,宝安区,新安,华联城市全景壹号 1室0厅 东南,400万,低楼层                                    (共29层)                                                                      | 2016年建 |                                1室0厅 | 48.1平米                                  | 东南,http://ke-image.ljcdn.com/110000-inspection/pc1_3CaYE6z4V_1.jpg!m_fill,w_280,h_210,f_jpg?from=ke.com
20210126,宝安区,新安,住宅房子满五年红本在手税费少单价总价低看房,300万,低楼层                                    (共7层)                                                                      | 1996年建 |                                3室1厅 | 69.12平米                                  | 东南,http://ke-image.ljcdn.com/110000-inspection/b879387b-415a-4339-8404-2803f464c53b_1000.jpg!m_fill,w_280,h_210,f_jpg?from=ke.com
20210126,宝安区,新安,住宅房子满五年红本在手税费少单价总价低,300万,低楼层                                    (共7层)                                                                      | 1996年建 |                                3室1厅 | 69.12平米                                  | 东南,http://ke-image.ljcdn.com/110000-inspection/936a8a1e-a720-489d-9588-12d7127a320c_1000.jpg!m_fill,w_280,h_210,f_jpg?from=ke.com
20210126,宝安区,新安,前海观一，总裁公寓，通燃气，无遮挡。,1500万,高楼层                                    (共37层)                                                                      | 2016年建 |                                3室2厅 | 176.52平米                                  | 东南,http://ke-image.ljcdn.com/110000-inspection/f272956e-1639-4b22-a5f9-a4cdd1f93587_1000.jpg!m_fill,w_280,h_210,f_jpg?from=ke.com
20210126,宝安区,新安,双地铁口，地段好，总价低，不需要购房资质。70年产权,380万,低楼层                                    (共29层)                                                                      | 2016年建 |                                1室0厅 | 54.02平米                                  | 南,http://ke-image.ljcdn.com/110000-inspection/pc1_OJ9xPfYeU_1.jpg!m_fill,w_280,h_210,f_jpg?from=ke.com
20210126,宝安区,新安,近地铁的低总价物业，央企品质，近前海，交通便捷,516万,中楼层                                    (共29层)                                                                      | 2016年建 |                                1室1厅 | 51.66平米                                  | 西北,http://ke-image.ljcdn.com/110000-inspection/7c551c9a-b27b-459c-94de-c19e742a6c80_1000.jpg!m_fill,w_280,h_210,f_jpg?from=ke.com
20210126,宝安区,新安,近地铁、低总价物业，70年产权，央企品质，交通便捷,480万,低楼层                                    (共29层)                                                                      | 2016年建 |                                1室1厅 | 48.1平米                                  | 西北,http://ke-image.ljcdn.com/110000-inspection/0f5611a0-0a3e-47e4-8390-4000df777e25_1000.jpg!m_fill,w_280,h_210,f_jpg?from=ke.com
20210126,宝安区,新安,近地铁、低总价物业，70年产权，央企品质，交通便捷,300万,低楼层                                    (共29层)                                                                      | 2016年建 |                                1室1厅 | 48.1平米                                  | 西北,http://ke-image.ljcdn.com/110000-inspection/17d72b17-39c8-4de2-937d-4a4807681e71_1000.jpg!m_fill,w_280,h_210,f_jpg?from=ke.com
20210126,宝安区,新安,近地铁、低总价物业，70年产权，央企品质，交通便捷,560万,低楼层                                    (共29层)                                                                      | 2016年建 |                                1室1厅 | 56.04平米                                  | 东南,http://ke-image.ljcdn.com/110000-inspection/pc1_NJgyQ4qTc_1.jpg!m_fill,w_280,h_210,f_jpg?from=ke.com
20210126,宝安区,新安,精装修，通燃气，奢华物业，自带会所泳池,1600万,中楼层                                    (共37层)                                                                      | 2016年建 |                                3室2厅 | 176.57平米                                  | 东,http://ke-image.ljcdn.com/110000-inspection/bf6f9c34-c8e5-49c3-b532-6bba1deb5164_1000.jpg!m_fill,w_280,h_210,f_jpg?from=ke.com
20210126,宝安区,新安,深圳首家万达广场，精装2房，诚心卖价格可谈,410万,中楼层                                    (共29层)                                                                  2室2厅 | 58平米                                  | 西南,http://ke-image.ljcdn.com/110000-inspection/pc1_AaCOfGBzW_1.jpg!m_fill,w_280,h_210,f_jpg?from=ke.com
20210126,宝安区,新安,海雅 宝中 精装二房 满五唯一 真心售必看好房,700万,高楼层                                    (共27层)                                                                      | 2012年建 |                                2室1厅 | 48.7平米                                  | 西北,http://ke-image.ljcdn.com/110000-inspection/pc1_ITBgytZ36_1.jpg!m_fill,w_280,h_210,f_jpg?from=ke.com
20210126,宝安区,新安,满五唯一，业主自住保养好，业主小孩今年初三了,1060万,中楼层                                    (共7层)                                                                      | 2001年建 |                                4室2厅 | 121.31平米                                  | 东南,http://ke-image.ljcdn.com/110000-inspection/pc1_UshX1Hv43_1.jpg!m_fill,w_280,h_210,f_jpg?from=ke.com
20210126,宝安区,新安,2015年次新小区，精装两房，红本在手,350万,高楼层                                    (共32层)                                                                      | 2015年建 |                                2室1厅 | 58.97平米                                  | 东北,http://ke-image.ljcdn.com/110000-inspection/099d7141-3fe7-43fd-9170-1a298b15e3c1_1000.jpg!m_fill,w_280,h_210,f_jpg?from=ke.com
20210126,宝安区,新安,都市翠海华苑 2室1厅 西南,800万,低楼层                                    (共22层)                                                                      | 2005年建 |                                2室1厅 | 51.86平米                                  | 西南,http://ke-image.ljcdn.com/110000-inspection/pc1_fIHWaiDcJ_1.jpg!m_fill,w_280,h_210,f_jpg?from=ke.com
20210126,宝安区,新安,华联城市全景 双地铁无缝对接 宝安标杆 、业主诚出售,298万,中楼层                                    (共29层)                                                                      | 2016年建 |                                1室0厅 | 48.1平米                                  | 西南,http://ke-image.ljcdn.com/440300-inspection/test-c610d35e-18a6-46e9-a53e-0c2323780181.jpg!m_fill,w_280,h_210,f_jpg?from=ke.com
20210126,宝安区,新安,地铁口，采光好，视野好，全南向，楼层好，住家舒服,728万,高楼层                                    (共27层)                                                                      | 2018年建 |                                1室1厅 | 55.81平米                                  | 南,http://ke-image.ljcdn.com/110000-inspection/pc1_oH9TUuyqf_1.jpg!m_fill,w_280,h_210,f_jpg?from=ke.com
20210126,宝安区,新安,12号线地铁口罕见大4房南北对流看花园前景满5维1,1450万,低楼层                                    (共27层)                                                                      | 2005年建 |                                4室2厅 | 155.77平米                                  | 东南,http://ke-image.ljcdn.com/110000-inspection/396829e0-dba0-40e7-98be-1386a4e47c8b_1000.jpg!m_fill,w_280,h_210,f_jpg?from=ke.com
20210126,宝安区,新安,双地铁口，地段好总价低，不需要购房资格，70年产权,310万,中楼层                                    (共29层)                                                                      | 2016年建 |                                2室1厅 | 48.09平米                                  | 东北,http://ke-image.ljcdn.com/110000-inspection/pc1_GD91AQH4t_1.jpg!m_fill,w_280,h_210,f_jpg?from=ke.com
20210126,宝安区,新安,繁华地段，总价低，您值得拥有！,270万,低楼层                                    (共31层)                                                                      | 2018年建 |                                1室1厅 | 45.47平米                                  | 东南,http://ke-image.ljcdn.com/110000-inspection/pc1_KqInJfVCZ_1.jpg!m_fill,w_280,h_210,f_jpg?from=ke.com
20210126,宝安区,新安,时尚精装大单间带燃气，停车充足,220万,中楼层                                    (共29层)                                                                      | 2018年建 |                                1室1厅 | 33.06平米                                  | 东北,http://ke-image.ljcdn.com/110000-inspection/45efec9c-4b1b-4100-9d53-df1f0590a089_1000.jpg!m_fill,w_280,h_210,f_jpg?from=ke.com
20210126,宝安区,新安,视野宽阔，采光充足 安静 有心卖,1252万,高楼层                                    (共32层)                                                                      | 2006年建 |                                3室2厅 | 126平米                                  | 东南,http://ke-image.ljcdn.com/110000-inspection/pc1_fUHLa6p4p_1.jpg!m_fill,w_280,h_210,f_jpg?from=ke.com
20210126,宝安区,新安,双地铁口，地段好，总价低，不需要购房资质。70年产权,360万,中楼层                                    (共29层)                                                                      | 2016年建 |                                1室0厅 | 48.1平米                                  | 东南,http://ke-image.ljcdn.com/110000-inspection/pc1_JRnq51v8x_1.jpg!m_fill,w_280,h_210,f_jpg?from=ke.com
20210126,宝安区,新安,宝中小户型，红本在手，近洪浪北地铁口,258万,低楼层                                    (共9层)                                                                  1室0厅 | 28.95平米                                  | 东南,http://ke-image.ljcdn.com/110000-inspection/pc1_AnS7KBhjC_1.jpg!m_fill,w_280,h_210,f_jpg?from=ke.com
20210126,宝安区,新安,新安 精装房源 业主诚心出售 看房方便,220万,中楼层                                    (共29层)                                                                      | 2018年建 |                                1室0厅 | 33.17平米                                  | 东南,http://ke-image.ljcdn.com/110000-inspection/pc1_eZtQuH2Lp.jpg!m_fill,w_280,h_210,f_jpg?from=ke.com
20210126,宝安区,新安,东江豪苑 宝中低单价  业主诚心出售,1230万,高楼层                                    (共32层)                                                                      | 2006年建 |                                5室2厅 | 154.83平米                                  | 东南,http://ke-image.ljcdn.com/110000-inspection/pc1_Sk9pL2DRa_1.jpg!m_fill,w_280,h_210,f_jpg?from=ke.com
20210126,宝安区,新安,中粮天悦壹号一手业主，精装交楼，中粮物业。,1350万,高楼层                                    (共45层)                                                                      | 2017年建 |                                3室2厅 | 89.3平米                                  | 南,http://ke-image.ljcdn.com/110000-inspection/pc1_brHqku4jn_1.jpg!m_fill,w_280,h_210,f_jpg?from=ke.com
20210126,宝安区,新安,满五,红本在手,大悦城旁方正大三房，有机会换新房,620万,低楼层                                    (共6层)                                                                      | 1991年建 |                                3室2厅 | 91平米                                  | 东南,http://ke-image.ljcdn.com/110000-inspection/842483d3-98b7-4fb9-b8d8-c12c738b432f_1000.jpg!m_fill,w_280,h_210,f_jpg?from=ke.com
20210126,宝安区,新安,宝安二区湖滨花园，居家生活适宜。,1080万,中楼层                                    (共5层)                                                                      | 1984年建 |                                4室1厅 | 82平米                                  | 西南,http://ke-image.ljcdn.com/110000-inspection/786cad1e-1d33-4708-bab6-25b0815c66b4_1000.jpg!m_fill,w_280,h_210,f_jpg?from=ke.com
20210126,宝安区,新安,双地铁口，地段好，总价低，不需要购房资质。70年产权,340万,低楼层                                    (共29层)                                                                      | 2016年建 |                                1室0厅 | 48.48平米                                  | 北,http://ke-image.ljcdn.com/110000-inspection/pc1_wDYdQfnqx.jpg!m_fill,w_280,h_210,f_jpg?from=ke.com
20210126,宝安区,新安,双地铁口，地段好，总价低，不需要购房资质。70年产权,340万,低楼层                                    (共29层)                                                                      | 2016年建 |                                1室0厅 | 48.49平米                                  | 北,http://ke-image.ljcdn.com/110000-inspection/pc1_q7kqxzvYh.jpg!m_fill,w_280,h_210,f_jpg?from=ke.com
20210126,宝安区,新安,华盛盛荟 3室1厅 东南,388万,高楼层                                    (共32层)                                                                      | 2015年建 |                                3室1厅 | 60.35平米                                  | 东南,http://ke-image.ljcdn.com/440300-inspection/e71de97f-e5b2-4979-825a-57f50f1ca45b_1000.jpg!m_fill,w_280,h_210,f_jpg?from=ke.com
20210126,宝安区,新安,地铁口物业，精装电梯两居室，税费低,375万,高楼层                                    (共32层)                                                                      | 2005年建 |                                2室1厅 | 38.18平米                                  | 东北,http://ke-image.ljcdn.com/440300-inspection/pc1_7E9OYqMes_1.jpg!m_fill,w_280,h_210,f_jpg?from=ke.com
20210126,宝安区,新安,朝南向 满五年唯一税费少 保养好 可拎包入住,680万,低楼层                                    (共32层)                                                                      | 2011年建 |                                3室2厅 | 77.74平米                                  | 西南,http://ke-image.ljcdn.com/110000-inspection/pc1_krT7xECqh_1.jpg!m_fill,w_280,h_210,f_jpg?from=ke.com
20210126,宝安区,新安,首家万达入驻 ,新装修，业主诚心出售，,588万,中楼层                                    (共29层)                                                                  3室1厅 | 86.34平米                                  | 东南,http://ke-image.ljcdn.com/440300-inspection/prod-095910e9-36b6-47f6-ae70-b3f088973791.jpg!m_fill,w_280,h_210,f_jpg?from=ke.com
20210126,宝安区,新安,小户型好出租，换手率高，空间大必看好房,660万,中楼层                                    (共22层)                                                                      | 2005年建 |                                1室1厅 | 38.74平米                                  | 东南,http://ke-image.ljcdn.com/440300-inspection/6f25e13a-a27a-4ac6-8f29-8cd89016d89e_1000.jpg!m_fill,w_280,h_210,f_jpg?from=ke.com
20210126,宝安区,新安,地段好，总价低，端头位。70年产权。,310万,高楼层                                    (共29层)                                                                      | 2016年建 |                                1室1厅 | 48.08平米                                  | 南,http://ke-image.ljcdn.com/440300-inspection/pc1_aXOuntJYa_1.jpg!m_fill,w_280,h_210,f_jpg?from=ke.com
20210126,宝安区,新安,房子满两年，带精装，可直接拎包入住,1760万,低楼层                                    (共37层)                                                                      | 2016年建 |                                5室2厅 | 207.35平米                                  | 东南,http://ke-image.ljcdn.com/440300-inspection/pc1_CyBZ9OfvA_1.jpg!m_fill,w_280,h_210,f_jpg?from=ke.com
20210126,宝安区,新安,地铁口精装一房，次新房，70年产权,300万,中楼层                                    (共29层)                                                                      | 2016年建 |                                1室0厅 | 51.31平米                                  | 东,http://ke-image.ljcdn.com/440300-inspection/prod-261cfe1f-dea7-44ff-827d-d5dc9090c4d1.jpg!m_fill,w_280,h_210,f_jpg?from=ke.com
20210126,宝安区,新安,地铁口物业，业主诚心出售，有钥匙，看房方便，,400万,低楼层                                    (共17层)                                                                      | 2003年建 |                                1室0厅 | 105平米                                  | 南,http://ke-image.ljcdn.com/440300-inspection/98264c17-fd37-4cd6-b1df-2832b4dbf727_1000.jpg!m_fill,w_280,h_210,f_jpg?from=ke.com
20210126,宝安区,新安,107旁单价便宜户型方正装修好自住万达旁,900万,低楼层                                    (共12层)                                                                      | 1998年建 |                                4室2厅 | 139平米                                  | 东南,http://ke-image.ljcdn.com/440300-inspection/pc1_H2pJQowXg_1.jpg!m_fill,w_280,h_210,f_jpg?from=ke.com
20210126,宝安区,新安,低总价，精装商务公寓，业主诚心卖·,245万,高楼层                                    (共29层)                                                                  1室1厅 | 33.04平米                                  | 南,http://ke-image.ljcdn.com/440300-inspection/prod-a702831b-5652-4d75-8120-728c8712f00c.jpg!m_fill,w_280,h_210,f_jpg?from=ke.com
20210126,宝安区,新安,低总价，精装商务公寓，业主诚心卖·,249万,高楼层                                    (共29层)                                                                  1室1厅 | 34.81平米                                  | 东北,http://ke-image.ljcdn.com/440300-inspection/prod-b307e3a7-a660-4b2a-b7ef-5a1e0e09b148.jpg!m_fill,w_280,h_210,f_jpg?from=ke.com
20210126,宝安区,新安,灵芝地铁口物业出行方便全新装修拎包入住,1080万,中楼层                                    (共27层)                                                                      | 2018年建 |                                3室2厅 | 105.1平米                                  | 东北,http://ke-image.ljcdn.com/440300-inspection/prod-e5a652f3-bf2c-40d9-a664-6b4b20f94335.jpg!m_fill,w_280,h_210,f_jpg?from=ke.com
20210126,宝安区,新安,诚意出售 福城新纪元精装一房  高层视野开阔,205万,高楼层                                    (共29层)                                                                  1室1厅 | 37.87平米                                  | 南,http://ke-image.ljcdn.com/440300-inspection/prod-97cec4c8-c61e-40e5-8bf5-e6efc3ecefeb.jpg!m_fill,w_280,h_210,f_jpg?from=ke.com
20210126,宝安区,新安,此房满五年唯一 红本在手，户型方正，客厅出阳台,1000万,低楼层                                    (共33层)                                                                      | 2001年建 |                                3室2厅 | 115.51平米                                  | 东南 西北,http://ke-image.ljcdn.com/440300-inspection/prod-34950e7c-8b23-4909-8819-453130d3a2fb.jpg!m_fill,w_280,h_210,f_jpg?from=ke.com
20210126,宝安区,新安,地铁口东南向大四房，自住出租皆宜,1400万,中楼层                                    (共27层)                                                                      | 2018年建 |                                4室2厅 | 121.48平米                                  | 东南,http://ke-image.ljcdn.com/440300-inspection/prod-a102e1f7-ceec-4ceb-8aa1-c2b6f3b3d163.jpg!m_fill,w_280,h_210,f_jpg?from=ke.com
20210126,宝安区,新安,灵芝新村洪浪十九区 3室2厅 东南,1088万,低楼层                                    (共6层)                                                                      | 1985年建 |                                3室2厅 | 87平米                                  | 东南,http://ke-image.ljcdn.com/440300-inspection/prod-ae319afa-9dbd-431a-a9b4-0b47fc9d9add.jpg!m_fill,w_280,h_210,f_jpg?from=ke.com
20210126,宝安区,新安,近地铁的低总价物业，70年产权，央企品质，交通便捷,480万,中楼层                                    (共29层)                                                                      | 2016年建 |                                1室1厅 | 48.1平米                                  | 西北,http://ke-image.ljcdn.com/110000-inspection/7421dcb2-8df4-4232-9806-e5564f2a8b4e_1000.jpg!m_fill,w_280,h_210,f_jpg?from=ke.com
20210126,宝安区,新安,双地铁口，地段好，总价低，。70年产权,490万,高楼层                                    (共29层)                                                                      | 2016年建 |                                1室1厅 | 54.53平米                                  | 东南,http://ke-image.ljcdn.com/110000-inspection/pc1_i31N4Py5A_1.jpg!m_fill,w_280,h_210,f_jpg?from=ke.com
20210126,宝安区,新安,采光好，户型方正，全明格局，干净漂亮次新房,220万,高楼层                                    (共21层)                                                                      | 2018年建 |                                2室1厅 | 39.22平米                                  | 南,http://ke-image.ljcdn.com/110000-inspection/pc1_jPd42qpZB_1.jpg!m_fill,w_280,h_210,f_jpg?from=ke.com
20210126,宝安区,新安,此房东南朝向格局好，视野宽阔，必看好房,780万,高楼层                                    (共10层)                                                                      | 2003年建 |                                2室1厅 | 80.09平米                                  | 东南,http://ke-image.ljcdn.com/110000-inspection/pc1_lbCNiViRk_1.jpg!m_fill,w_280,h_210,f_jpg?from=ke.com
20210126,宝安区,新安,双龙抱珠、独门独户、总价低、诚意出售必看好房,1390万,低楼层                                    (共30层)                                                                      | 2013年建 |                                3室1厅 | 87.85平米                                  | 西南,http://ke-image.ljcdn.com/110000-inspection/pc1_6O3MFWubh_1.jpg!m_fill,w_280,h_210,f_jpg?from=ke.com
20210126,宝安区,新安,冠城世家，罕见2+1户型，满五年，红本在手必看好房,789万,中楼层                                    (共10层)                                                                      | 2003年建 |                                2室1厅 | 80.03平米                                  | 东南,http://ke-image.ljcdn.com/110000-inspection/pc1_Nm9eSym9f_1.jpg!m_fill,w_280,h_210,f_jpg?from=ke.com
20210126,宝安区,新安,个人产权，低总价1房，满五年，看房方便必看好房,260万,低楼层                                    (共9层)                                                                  1室0厅 | 28.99平米                                  | 东,http://ke-image.ljcdn.com/110000-inspection/pc1_x90bJteDo_1.jpg!m_fill,w_280,h_210,f_jpg?from=ke.com
20210126,宝安区,新安,满五唯一，中间楼层花园社区业主很诚心卖,630万,高楼层                                    (共31层)                                                                      | 2006年建 |                                2室1厅 | 70.72平米                                  | 东南,http://ke-image.ljcdn.com/110000-inspection/pc1_jbJ16G8fC_1.jpg!m_fill,w_280,h_210,f_jpg?from=ke.com
20210126,宝安区,新安,中洲华府 4室2厅 东南,479万,低楼层                                    (共2层)                                                                      | 2013年建 |                                4室2厅 | 57.42平米                                  | 东南,http://ke-image.ljcdn.com/110000-inspection/pc1_OJBFu1jbD_1.jpg!m_fill,w_280,h_210,f_jpg?from=ke.com
20210126,宝安区,新安,双地铁口物业，业主诚心出售，看房方便,695万,高楼层                                    (共8层)                                                                      | 1993年建 |                                3室2厅 | 72.1平米                                  | 东南,http://ke-image.ljcdn.com/110000-inspection/pc1_tPfiMJpgX_1.jpg!m_fill,w_280,h_210,f_jpg?from=ke.com
20210126,宝安区,新安,弘雅二期大三房满五唯一，大花园社区自住保养很好,738万,高楼层                                    (共8层)                                                                      | 1997年建 |                                3室2厅 | 89.7平米                                  | 东南,http://ke-image.ljcdn.com/110000-inspection/f5a5d3d0-f99f-4c64-becf-b3fad88ef712_1000.jpg!m_fill,w_280,h_210,f_jpg?from=ke.com
20210126,宝安区,新安,房子满5年 税费少 采光通风都很好,605万,中楼层                                    (共8层)                                                                      | 1994年建 |                                3室2厅 | 87平米                                  | 西南,http://ke-image.ljcdn.com/110000-inspection/pc1_eA7f2ECb2_1.jpg!m_fill,w_280,h_210,f_jpg?from=ke.com
20210126,宝安区,新安,业主急售，香槟广场两房，满五唯一必看好房,710万,低楼层                                    (共31层)                                                                      | 2006年建 |                                2室1厅 | 76.92平米                                  | 西北,http://ke-image.ljcdn.com/110000-inspection/pc1_FYSLu7FXZ_1.jpg!m_fill,w_280,h_210,f_jpg?from=ke.com
20210126,宝安区,新安,万达商圈，满五唯一红本在手，鸿荣源品牌，大花园社区,505万,中楼层                                    (共8层)                                                                      | 1998年建 |                                2室1厅 | 59.04平米                                  | 西南,http://ke-image.ljcdn.com/110000-inspection/pc1_gQqbtWurK_1.jpg!m_fill,w_280,h_210,f_jpg?from=ke.com
20210126,宝安区,新安,中粮创芯公园 1室1厅 东南,185万,中楼层                                    (共31层)                                                                  1室1厅 | 44.56平米                                  | 东南,http://ke-image.ljcdn.com/110000-inspection/pc1_5IL2vMBQu_1.jpg!m_fill,w_280,h_210,f_jpg?from=ke.com
20210126,宝安区,新安,朝向东南，采光很好，结构的精装好房,240万,中楼层                                    (共21层)                                                                      | 2018年建 |                                2室1厅 | 39.22平米                                  | 东南,http://ke-image.ljcdn.com/110000-inspection/pc1_OmcJcFtav_1.jpg!m_fill,w_280,h_210,f_jpg?from=ke.com
20210126,宝安区,新安,待，拆，迁物业，无需购房名e，红本在手，税费低,380万,低楼层                                    (共6层)                                                                      | 1988年建 |                                1室1厅 | 31.6平米                                  | 西南,http://ke-image.ljcdn.com/110000-inspection/pc1_a3pmEc2Wm_1.jpg!m_fill,w_280,h_210,f_jpg?from=ke.com
20210126,宝安区,新安,新安花园社区，次新楼盘，紧靠万达，天虹，沃尔玛！,1260万,高楼层                                    (共32层)                                                                      | 2011年建 |                                5室1厅 | 199.04平米                                  | 西北,http://ke-image.ljcdn.com/440300-inspection/test-6305e1b4-bdb4-496b-b02d-011424cf34fb.png!m_fill,w_280,h_210,f_jpg?from=ke.com
20210126,宝安区,新安,创业二村 高楼层 小区已有加装电梯 端头位置 采光棒,980万,中楼层                                    (共8层)                                                                      | 2001年建 |                                3室2厅 | 97.56平米                                  | 东南,http://ke-image.ljcdn.com/110000-inspection/pc1_bSPRVlO2V_1.jpg!m_fill,w_280,h_210,f_jpg?from=ke.com
20210126,宝安区,新安,鸿景园平层朝南户型高楼层采光视野好必看好房,1100万,高楼层                                    (共20层)                                                                      | 2005年建 |                                3室2厅 | 117.69平米                                  | 东南,http://ke-image.ljcdn.com/110000-inspection/df06d095-d8b4-435c-8bef-f087356095dd_1000.jpg!m_fill,w_280,h_210,f_jpg?from=ke.com
20210126,宝安区,新安,低总价地铁口物业，视野采光好，央企品质，交通便捷,380万,高楼层                                    (共29层)                                                                      | 2016年建 |                                1室1厅 | 56.02平米                                  | 东南,http://ke-image.ljcdn.com/110000-inspection/pc1_SyhF6ZikZ_1.jpg!m_fill,w_280,h_210,f_jpg?from=ke.com
20210126,宝安区,新安,双地铁口物业，中高楼，层采光通透性较强，东南朝向。,298万,低楼层                                    (共29层)                                                                      | 2016年建 |                                1室0厅 | 48.1平米                                  | 东南,http://ke-image.ljcdn.com/110000-inspection/pc1_uFhPvaBms_1.jpg!m_fill,w_280,h_210,f_jpg?from=ke.com
20210126,宝安区,新安,满五唯一 诚心出售  交通便捷 配套齐全必看好房,550万,高楼层                                    (共8层)                                                                      | 1993年建 |                                2室1厅 | 68.4平米                                  | 东南,http://ke-image.ljcdn.com/110000-inspection/pc1_dxtzEz89c_1.jpg!m_fill,w_280,h_210,f_jpg?from=ke.com
20210126,宝安区,新安,满五唯一，采光通风好，视野开阔，配套齐全，交通便利必看好房,666万,高楼层                                    (共8层)                                                                      | 1996年建 |                                3室1厅 | 101.5平米                                  | 东南,http://ke-image.ljcdn.com/110000-inspection/pc1_fOrV1VyIG_1.jpg!m_fill,w_280,h_210,f_jpg?from=ke.com
20210126,宝安区,新安,鸿景园 3室2厅 东南,1268万,低楼层                                    (共19层)                                                                      | 2005年建 |                                3室2厅 | 142.54平米                                  | 东南,http://ke-image.ljcdn.com/110000-inspection/3abc0f2d-d3cf-4578-8120-9632ae1cd771_1000.jpg!m_fill,w_280,h_210,f_jpg?from=ke.com
20210126,宝安区,新安,宝安万达商圈  复式经典两房  实用率高   刚需必看,430万,低楼层                                    (共15层)                                                                      | 2004年建 |                                2室2厅 | 43.38平米                                  | 西南,http://ke-image.ljcdn.com/110000-inspection/pc1_OehUZfErm_1.jpg!m_fill,w_280,h_210,f_jpg?from=ke.com
20210126,宝安区,新安,雅兰亭大两房精装修，满五不唯一，鸿荣源开发品质高新上,660万,低楼层                                    (共11层)                                                                      | 2000年建 |                                2室2厅 | 70.88平米                                  | 东北,http://ke-image.ljcdn.com/110000-inspection/pc1_fgHuWbnMA_1.jpg!m_fill,w_280,h_210,f_jpg?from=ke.com
20210126,宝安区,新安,电梯高层2房 带大露台 红本在手 满五唯一 精装修,652万,高楼层                                    (共24层)                                                                      | 2005年建 |                                2室1厅 | 87.74平米                                  | 南,http://ke-image.ljcdn.com/110000-inspection/965117bd-97ee-44e3-a8e4-ca69a9f5f479_1000.jpg!m_fill,w_280,h_210,f_jpg?from=ke.com
20210126,宝安区,新安,宝乐花园 2室1厅 东南,498万,中楼层                                    (共8层)                                                                      | 1994年建 |                                2室1厅 | 57.3平米                                  | 东南,http://ke-image.ljcdn.com/110000-inspection/pc1_Q8qJ93Jk8_1.jpg!m_fill,w_280,h_210,f_jpg?from=ke.com
20210126,宝安区,新安,宝湖居花园，顶层复式，满五年，红本在手，诚心出售,1680万,高楼层                                    (共6层)                                                                      | 2001年建 |                                4室2厅 | 168.42平米                                  | 东南,http://ke-image.ljcdn.com/110000-inspection/pc1_VLN3ffLp8_1.jpg!m_fill,w_280,h_210,f_jpg?from=ke.com
20210126,宝安区,新安,白金酒店公寓 端头户型 房间使用率高 采光好,380万,低楼层                                    (共32层)                                                                      | 2005年建 |                                1室1厅 | 37.5平米                                  | 西南 东北,http://ke-image.ljcdn.com/110000-inspection/pc1_7yVRlVkgA_1.jpg!m_fill,w_280,h_210,f_jpg?from=ke.com
20210126,宝安区,新安,满五唯一，税费少，配套齐全,周 边环境好,425万,中楼层                                    (共31层)                                                                      | 2011年建 |                                1室1厅 | 48.23平米                                  | 东,http://ke-image.ljcdn.com/110000-inspection/pc1_HePxq2fxU_1.jpg!m_fill,w_280,h_210,f_jpg?from=ke.com
20210126,宝安区,新安,高楼层 户型好    配套设施齐全,1850万,高楼层                                    (共30层)                                                                      | 2013年建 |                                4室1厅 | 130.04平米                                  | 东南,http://ke-image.ljcdn.com/110000-inspection/pc1_CafIUJ4Mm_1.jpg!m_fill,w_280,h_210,f_jpg?from=ke.com
20210126,宝安区,新安,黄金大厦 2室1厅 南,578万,低楼层                                    (共32层)                                                                      | 2011年建 |                                2室1厅 | 68.4平米                                  | 南,http://ke-image.ljcdn.com/110000-inspection/506edd01-41f7-4c87-bf62-e6ce99da7d76_1000.jpg!m_fill,w_280,h_210,f_jpg?from=ke.com
20210126,宝安区,新安,鸿景园 3室1厅 南,1260万,中楼层                                    (共27层)                                                                      | 2005年建 |                                3室1厅 | 124.25平米                                  | 南,http://ke-image.ljcdn.com/110000-inspection/pc1_VqKgf3vrs_1.jpg!m_fill,w_280,h_210,f_jpg?from=ke.com
20210126,宝安区,新安,公务员小区  居民素质高  超大使用率 位置安静,890万,高楼层                                    (共8层)                                                                      | 2001年建 |                                2室2厅 | 84.34平米                                  | 南,http://ke-image.ljcdn.com/110000-inspection/pc1_4cUUcPS3l_1.jpg!m_fill,w_280,h_210,f_jpg?from=ke.com
20210126,宝安区,新安,满五年唯一住房税费少，自住装修保养好,450万,低楼层                                    (共22层)                                                                      | 2011年建 |                                2室1厅 | 41.33平米                                  | 西北,http://ke-image.ljcdn.com/110000-inspection/pc1_QkKswECGI_1.jpg!m_fill,w_280,h_210,f_jpg?from=ke.com
20210126,宝安区,新安,35区公路局宿舍 3室2厅 东南,580万,高楼层                                    (共8层)                                                                      | 1996年建 |                                3室2厅 | 103.57平米                                  | 东南,http://ke-image.ljcdn.com/110000-inspection/pc1_F4tGpTpNp_1.jpg!m_fill,w_280,h_210,f_jpg?from=ke.com
20210126,宝安区,新安,此房满五年 户型方正 税费少，中间楼层,610万,中楼层                                    (共12层)                                                                      | 2000年建 |                                2室2厅 | 67.14平米                                  | 西南,http://ke-image.ljcdn.com/110000-inspection/pc1_uvkZg2qd8_1.jpg!m_fill,w_280,h_210,f_jpg?from=ke.com
20210126,宝安区,新安,采光好，户型方正，全明格局，干净漂亮次新房,360万,低楼层                                    (共21层)                                                                      | 2018年建 |                                4室1厅 | 57.2平米                                  | 东南,http://ke-image.ljcdn.com/110000-inspection/pc1_CWtrbu3nf_1.jpg!m_fill,w_280,h_210,f_jpg?from=ke.com
20210126,宝安区,新安,中楼层小户型，视野开阔 诚心出售看房随时方便新上,335万,中楼层                                    (共29层)                                                                      | 2016年建 |                                1室1厅 | 51.31平米                                  | 东南,http://ke-image.ljcdn.com/110000-inspection/pc1_2fUGTEd4r_1.jpg!m_fill,w_280,h_210,f_jpg?from=ke.com
20210126,宝安区,新安,雅兰亭大三房精装修，满五不唯一，鸿荣源开发品质高新上,650万,中楼层                                    (共8层)                                                                      | 2000年建 |                                3室2厅 | 80.2平米                                  | 东南,http://ke-image.ljcdn.com/110000-inspection/babd0d78-56b1-4c07-bfac-30fdec70e4d5_1000.jpg!m_fill,w_280,h_210,f_jpg?from=ke.com
20210126,宝安区,新安,玖悦 3室1厅 东南新上,1250万,中楼层                                    (共27层)                                                                  3室1厅 | 81.22平米                                  | 东南,http://ke-image.ljcdn.com/110000-inspection/pc1_6KIRiDBCJ_1.jpg!m_fill,w_280,h_210,f_jpg?from=ke.com
20210126,宝安区,新安,华联城市全景壹号 4室2厅 东南新上,1650万,高楼层                                    (共39层)                                                                      | 2015年建 |                                4室2厅 | 131.21平米                                  | 东南,http://ke-image.ljcdn.com/110000-inspection/pc1_XcCXm3xkj_1.jpg!m_fill,w_280,h_210,f_jpg?from=ke.com
20210126,宝安区,新安,福城·前海新纪元 1室1厅 南新上,240万,高楼层                                    (共29层)                                                                  1室1厅 | 37.89平米                                  | 南,http://ke-image.ljcdn.com/110000-inspection/46f12f6b-cd91-4aee-a4b5-0a5b81a710d7_1000.jpg!m_fill,w_280,h_210,f_jpg?from=ke.com
20210126,宝安区,新安,2月份满五年   朝南  交通便利  户型方正新上,435万,中楼层                                    (共32层)                                                                      | 2011年建 |                                1室1厅 | 47.59平米                                  | 东南,http://ke-image.ljcdn.com/110000-inspection/pc1_iK5d3keIF_1.jpg!m_fill,w_280,h_210,f_jpg?from=ke.com
20210126,宝安区,新安,正规电梯两房，通风采光很好，满五唯一，税费少新上,980万,中楼层                                    (共29层)                                                                      | 2003年建 |                                2室2厅 | 79.01平米                                  | 西南,http://ke-image.ljcdn.com/110000-inspection/pc1_AAl5PNMkG_1.jpg!m_fill,w_280,h_210,f_jpg?from=ke.com
20210126,宝安区,新安,中粮创芯公园 1室1厅 东,200万,低楼层                                    (共31层)                                                                  1室1厅 | 45.47平米                                  | 东,http://ke-image.ljcdn.com/110000-inspection/pc1_MDA7TRlIZ_1.jpg!m_fill,w_280,h_210,f_jpg?from=ke.com
20210126,宝安区,新安,端头下错2房，3月中旬满五唯一，税费低必看好房,365万,中楼层                                    (共15层)                                                                      | 2004年建 |                                2室1厅 | 32.27平米                                  | 西北,http://ke-image.ljcdn.com/110000-inspection/47c0d6b8-fdf2-4f5d-ba92-553e47a6fc0f_1000.jpg!m_fill,w_280,h_210,f_jpg?from=ke.com
20210126,宝安区,新安,繁花国际 3室2厅 东南,450万,低楼层                                    (共2层)                                                                  3室2厅 | 62.69平米                                  | 东南,http://ke-image.ljcdn.com/110000-inspection/pc1_E1l5Z6rUK_1.jpg!m_fill,w_280,h_210,f_jpg?from=ke.com
20210126,宝安区,新安,华联城市全景壹号 1室0厅 西北,305万,中楼层                                    (共29层)                                                                      | 2016年建 |                                1室0厅 | 51.26平米                                  | 西北,http://ke-image.ljcdn.com/110000-inspection/pc1_AyXeWiiPk_1.jpg!m_fill,w_280,h_210,f_jpg?from=ke.com
20210126,宝安区,新安,31区农贸市场 1室0厅 南,680万,低楼层                                    (共6层)                                                                  1室0厅 | 76.74平米                                  | 南,http://ke-image.ljcdn.com/110000-inspection/pc1_UuKXWviol_1.jpg!m_fill,w_280,h_210,f_jpg?from=ke.com
20210126,宝安区,新安,翡翠华庭 4室1厅 东南,1980万,高楼层                                    (共29层)                                                                      | 2003年建 |                                4室1厅 | 141.74平米                                  | 东南,http://ke-image.ljcdn.com/440300-inspection/pc1_eHVJvRvMD_1.jpg!m_fill,w_280,h_210,f_jpg?from=ke.com
20210126,宝安区,新安,勤诚达高楼层看灵芝公园全景，视野开阔，红本在手,2100万,高楼层                                    (共31层)                                                                      | 2013年建 |                                4室2厅 | 150.59平米                                  | 南,http://ke-image.ljcdn.com/110000-inspection/pc1_D4kqjVUJ6_1.jpg!m_fill,w_280,h_210,f_jpg?from=ke.com
20210126,宝安区,新安,中粮天悦壹号 2室2厅 东南,1220万,低楼层                                    (共45层)                                                                      | 2017年建 |                                2室2厅 | 71.54平米                                  | 东南,http://ke-image.ljcdn.com/110000-inspection/pc1_GpEX8Pitu_1.jpg!m_fill,w_280,h_210,f_jpg?from=ke.com
20210126,宝安区,新安,五号线灵芝 70产权住宅 诚心出售,460万,中楼层                                    (共15层)                                                                      | 2004年建 |                                2室2厅 | 43.26平米                                  | 西北,http://ke-image.ljcdn.com/110000-inspection/pc1_xvyenUhBJ_1.jpg!m_fill,w_280,h_210,f_jpg?from=ke.com
20210126,宝安区,新安,中粮创芯公园 1室1厅 东南,185万,低楼层                                    (共31层)                                                                  1室1厅 | 44.56平米                                  | 东南,http://ke-image.ljcdn.com/110000-inspection/pc1_hAoRORJ4B_1.jpg!m_fill,w_280,h_210,f_jpg?from=ke.com
20210126,宝安区,新安,创业二村 带宝中 公务员小区 5号线兴东站200米,880万,高楼层                                    (共8层)                                                                      | 2001年建 |                                2室2厅 | 84.36平米                                  | 东南,http://ke-image.ljcdn.com/110000-inspection/pc1_qnuaUAfi0_1.jpg!m_fill,w_280,h_210,f_jpg?from=ke.com
20210126,宝安区,新安,满五年，红本在手，朝南看花园！,1130万,中楼层                                    (共29层)                                                                      | 2005年建 |                                3室2厅 | 121.56平米                                  | 西南,http://ke-image.ljcdn.com/110000-inspection/b4e96a8f-3b52-4960-8c48-381540d72a49_1000.jpg!m_fill,w_280,h_210,f_jpg?from=ke.com
20210126,宝安区,新安,视野宽阔大三房，双地铁口物业，大花园社区,1018万,中楼层                                    (共17层)                                                                      | 2003年建 |                                3室1厅 | 118.85平米                                  | 东南,http://ke-image.ljcdn.com/110000-inspection/pc1_tJvqCcHAI_1.jpg!m_fill,w_280,h_210,f_jpg?from=ke.com
20210126,宝安区,新安,万达广场旁，精装4房，中低楼层,东南朝向,779万,中楼层                                    (共8层)                                                                      | 1997年建 |                                4室2厅 | 109.74平米                                  | 东南,http://ke-image.ljcdn.com/110000-inspection/635bbfe9-9a33-49ff-b6cc-012bdd55f317_1000.jpg!m_fill,w_280,h_210,f_jpg?from=ke.com
20210126,宝安区,新安,房子满五唯一，地铁站口交通便利，业主诚心在卖...,1400万,低楼层                                    (共30层)                                                                      | 2013年建 |                                3室1厅 | 88.17平米                                  | 东南,http://ke-image.ljcdn.com/110000-inspection/pc1_OvyH1xAcE_1.jpg!m_fill,w_280,h_210,f_jpg?from=ke.com
20210126,宝安区,新安,西城品阁 4室1厅 西南,658万,高楼层                                    (共8层)                                                                      | 2009年建 |                                4室1厅 | 75.24平米                                  | 西南,http://ke-image.ljcdn.com/110000-inspection/786272d7-1d7a-4479-9f85-4f48ac21191b_1000.jpg!m_fill,w_280,h_210,f_jpg?from=ke.com
20210126,宝安区,新安,中粮创芯公园 精装修新房  看房方便 业主诚心出售！,250万,低楼层                                    (共31层)                                                                      | 2017年建 |                                1室1厅 | 44.56平米                                  | 北,http://ke-image.ljcdn.com/110000-inspection/2bf11865-c23f-46d5-b8c5-44ee34f33ebd_1000.jpg!m_fill,w_280,h_210,f_jpg?from=ke.com
20210126,宝安区,新安,12号线双地铁口 天虹沃尔玛旁东南向精装修采光通风好,845万,低楼层                                    (共16层)                                                                      | 2002年建 |                                4室2厅 | 124平米                                  | 南 北,http://ke-image.ljcdn.com/110000-inspection/727c7418-dde9-4a63-b245-624b40adf665_1000.jpg!m_fill,w_280,h_210,f_jpg?from=ke.com
20210126,宝安区,新安,复式两层，业主诚心出售，采光好通透,373万,低楼层                                    (共8层)                                                                      | 2008年建 |                                2室1厅 | 37.73平米                                  | 南,http://ke-image.ljcdn.com/110000-inspection/pc1_nf52JB7qx_1.jpg!m_fill,w_280,h_210,f_jpg?from=ke.com
20210126,宝安区,新安,业主诚心卖，钥匙已留，看房方便,300万,中楼层                                    (共8层)                                                                      | 2009年建 |                                1室1厅 | 35.54平米                                  | 东南,http://ke-image.ljcdn.com/110000-inspection/pc1_qgyJW4qfY_1.jpg!m_fill,w_280,h_210,f_jpg?from=ke.com
20210126,宝安区,新安,中洲华府 1室0厅 东南,1079万,低楼层                                    (共2层)                                                                      | 2013年建 |                                1室0厅 | 76.41平米                                  | 东南,http://ke-image.ljcdn.com/110000-inspection/pc1_Ap5A4txzk_1.jpg!m_fill,w_280,h_210,f_jpg?from=ke.com
20210126,宝安区,新安,此房满五无欠款产权清晰红本在手，户型通透楼,900万,高楼层                                    (共6层)                                                                  3室2厅 | 94.07平米                                  | 东南,http://ke-image.ljcdn.com/110000-inspection/pc1_SLNBjDXAF_1.jpg!m_fill,w_280,h_210,f_jpg?from=ke.com
20210126,宝安区,新安,中洲公寓 4+1房 端头位 南向看小区花园 住家安静,1560万,低楼层                                    (共37层)                                                                      | 2016年建 |                                4室1厅 | 207.03平米                                  | 东南,http://ke-image.ljcdn.com/110000-inspection/pc1_cIB7gNn1Q_1.jpg!m_fill,w_280,h_210,f_jpg?from=ke.com
20210126,宝安区,新安,满五唯一  带一个15平方露台 看房随时 两房,468万,中楼层                                    (共32层)                                                                      | 2005年建 |                                2室1厅 | 54.01平米                                  | 东南,http://ke-image.ljcdn.com/110000-inspection/d2ae43a4-aa43-415a-9a34-6181c4f407ab_1000.jpg!m_fill,w_280,h_210,f_jpg?from=ke.com
20210126,宝安区,新安,电梯三房满五年红本 看房方便 业主诚心卖,1150万,中楼层                                    (共9层)                                                                      | 1998年建 |                                3室2厅 | 111.4平米                                  | 东南,http://ke-image.ljcdn.com/110000-inspection/pc1_dhiaYxdOo_1.jpg!m_fill,w_280,h_210,f_jpg?from=ke.com
20210126,宝安区,新安,过渡推荐，产证满两年，红本在手，交通配套完善。必看好房,150万,中楼层                                    (共7层)                                                                      | 2004年建 |                                1室1厅 | 33.44平米                                  | 东南,http://ke-image.ljcdn.com/110000-inspection/pc1_v672UOPoP_1.jpg!m_fill,w_280,h_210,f_jpg?from=ke.com
20210126,宝安区,新安,正地铁口物业 满五唯一 费用少,369万,低楼层                                    (共8层)                                                                      | 2009年建 |                                2室1厅 | 36.01平米                                  | 西南,http://ke-image.ljcdn.com/110000-inspection/pc1_xxT9IGQc2_1.jpg!m_fill,w_280,h_210,f_jpg?from=ke.com
20210126,宝安区,新安,进门带入户花园，三个房间和客厅全部朝南看花园,1420万,低楼层                                    (共30层)                                                                      | 2013年建 |                                3室2厅 | 88.17平米                                  | 东南,http://ke-image.ljcdn.com/110000-inspection/pc1_6aEifiMoM_1.jpg!m_fill,w_280,h_210,f_jpg?from=ke.com
20210126,宝安区,新安,西城品阁 1室1厅 东南,375万,高楼层                                    (共8层)                                                                      | 2009年建 |                                1室1厅 | 35.69平米                                  | 东南,http://ke-image.ljcdn.com/110000-inspection/pc1_6pYVTu3xK_1.jpg!m_fill,w_280,h_210,f_jpg?from=ke.com
20210126,宝安区,新安,中粮创芯两房近兴东地铁装修好业主诚心卖,380万,高楼层                                    (共31层)                                                                  2室2厅 | 76.92平米                                  | 东南,http://ke-image.ljcdn.com/110000-inspection/pc1_DvBtTNafz_1.jpg!m_fill,w_280,h_210,f_jpg?from=ke.com
20210126,宝安区,新安,满五唯一 红本在手 看房提前预约,2050万,中楼层                                    (共12层)                                                                      | 2003年建 |                                6室3厅 | 241.82平米                                  | 东南,http://ke-image.ljcdn.com/110000-inspection/pc1_PDbLugQlG_1.jpg!m_fill,w_280,h_210,f_jpg?from=ke.com
20210126,宝安区,新安,宽敞自我天地，妆点雅致生活，满五红本在手,2660万,高楼层                                    (共18层)                                                                      | 2002年建 |                                5室2厅 | 224平米                                  | 东南,http://ke-image.ljcdn.com/110000-inspection/pc1_UalDtz1Sv_1.jpg!m_fill,w_280,h_210,f_jpg?from=ke.com
20210126,宝安区,新安,全新装修大两房 东南向  随时看房 车位充足必看好房,309万,低楼层                                    (共32层)                                                                      | 2015年建 |                                2室1厅 | 53.11平米                                  | 东南,http://ke-image.ljcdn.com/110000-inspection/5fa4e59e-79cc-407c-ae4d-ccb774318bfa_1000.jpg!m_fill,w_280,h_210,f_jpg?from=ke.com
20210126,宝安区,新安,满五不唯一 通风采光很好 适合居家,1200万,低楼层                                    (共7层)                                                                      | 1998年建 |                                6室1厅 | 79.7平米                                  | 东南,http://ke-image.ljcdn.com/110000-inspection/pc1_gX13pU568_1.jpg!m_fill,w_280,h_210,f_jpg?from=ke.com
20210126,宝安区,新安,华联城市全景壹号 4室2厅 西南,2068万,高楼层                                    (共39层)                                                                      | 2016年建 |                                4室2厅 | 142.97平米                                  | 西南,http://ke-image.ljcdn.com/110000-inspection/pc1_K56YzgPqS_1.jpg!m_fill,w_280,h_210,f_jpg?from=ke.com
20210126,宝安区,新安,东南大三房12号线地铁口，楼下天虹沃尔玛，随时看房必看好房,780万,中楼层                                    (共18层)                                                                      | 2004年建 |                                3室2厅 | 101.61平米                                  | 南 北,http://ke-image.ljcdn.com/110000-inspection/pc1_apeaW4YMQ_1.jpg!m_fill,w_280,h_210,f_jpg?from=ke.com
20210126,宝安区,新安,户型方正，满五唯一，红本在手，有大露台,1860万,低楼层                                    (共31层)                                                                      | 2013年建 |                                4室1厅 | 126平米                                  | 北,http://ke-image.ljcdn.com/110000-inspection/pc1_MLBRZ2PJd_1.jpg!m_fill,w_280,h_210,f_jpg?from=ke.com
20210126,宝安区,新安,公务员小区 超大使用率 ，红本，要装电梯，宝中school,1100万,低楼层                                    (共8层)                                                                      | 2001年建 |                                4室2厅 | 119.35平米                                  | 南,http://ke-image.ljcdn.com/110000-inspection/pc1_1oWkEjZUd_1.jpg!m_fill,w_280,h_210,f_jpg?from=ke.com
20210126,宝安区,新安,居家环境，就读宝中，近地铁，中低楼层，满五唯一,960万,中楼层                                    (共8层)                                                                      | 2001年建 |                                3室2厅 | 97.06平米                                  | 南,http://ke-image.ljcdn.com/110000-inspection/pc1_7Nhjzg5UX_1.jpg!m_fill,w_280,h_210,f_jpg?from=ke.com
20210126,宝安区,新安,丰华苑精装3房 满五唯一  红本在手 户型实用 视野开阔必看好房,1220万,中楼层                                    (共10层)                                                                      | 2001年建 |                                3室2厅 | 113.25平米                                  | 西南,http://ke-image.ljcdn.com/110000-inspection/pc1_QeaYf6Vhe_1.jpg!m_fill,w_280,h_210,f_jpg?from=ke.com
20210126,宝安区,新安,前海新纪元，万达楼上，精装修两房，诚心出售,360万,中楼层                                    (共29层)                                                                  2室2厅 | 57.97平米                                  | 南,http://ke-image.ljcdn.com/110000-inspection/pc1_P7g5r0veE_1.jpg!m_fill,w_280,h_210,f_jpg?from=ke.com
20210126,宝安区,新安,户型方正看花园，采光好，视野好；,400万,低楼层                                    (共29层)                                                                      | 2016年建 |                                1室0厅 | 48.1平米                                  | 西北,http://ke-image.ljcdn.com/110000-inspection/pc1_unekFMpjY_1.jpg!m_fill,w_280,h_210,f_jpg?from=ke.com
20210126,宝安区,新安,户型方正，看花园，采光好，视野好；,400万,低楼层                                    (共29层)                                                                      | 2016年建 |                                1室0厅 | 48.1平米                                  | 西北,http://ke-image.ljcdn.com/110000-inspection/pc1_RJn6mBSpT_1.jpg!m_fill,w_280,h_210,f_jpg?from=ke.com
20210126,宝安区,新安,满五唯一 红本在手  优质好房  户型超棒,1288万,高楼层                                    (共17层)                                                                      | 2003年建 |                                3室2厅 | 141.34平米                                  | 南 北,http://ke-image.ljcdn.com/110000-inspection/pc1_ppEiq06mc_1.jpg!m_fill,w_280,h_210,f_jpg?from=ke.com
20210126,宝安区,新安,华联城市全景壹号 4室2厅 南,3800万,高楼层                                    (共45层)                                                                      | 2015年建 |                                4室2厅 | 253平米                                  | 南,http://ke-image.ljcdn.com/110000-inspection/pc1_QWBILsQQd_1.jpg!m_fill,w_280,h_210,f_jpg?from=ke.com
20210126,宝安区,新安,红本在手，满五年，复式使用率高,1500万,中楼层                                    (共9层)                                                                      | 1998年建 |                                4室3厅 | 150.2平米                                  | 东北,http://ke-image.ljcdn.com/110000-inspection/pc1_yzBNNcClz_1.jpg!m_fill,w_280,h_210,f_jpg?from=ke.com
20210126,宝安区,新安,白金时代 2室2厅 东南,418万,高楼层                                    (共15层)                                                                      | 2004年建 |                                2室2厅 | 43.38平米                                  | 东南,http://ke-image.ljcdn.com/110000-inspection/pc1_oG6qaPpwV_1.jpg!m_fill,w_280,h_210,f_jpg?from=ke.com
20210126,宝安区,新安,房子配套好，户型方正，中间楼层，楼下是万达,260万,中楼层                                    (共29层)                                                                  1室1厅 | 37.89平米                                  | 东北,http://ke-image.ljcdn.com/110000-inspection/pc1_CGN7tzTs1_1.jpg!m_fill,w_280,h_210,f_jpg?from=ke.com
20210126,宝安区,新安,花园大社区  正规三房 环境安静 双地铁  楼层好,1100万,低楼层                                    (共33层)                                                                      | 2003年建 |                                3室2厅 | 129.85平米                                  | 东南,http://ke-image.ljcdn.com/110000-inspection/pc1_nZ7Ify82U_1.jpg!m_fill,w_280,h_210,f_jpg?from=ke.com
20210126,宝安区,新安,满五唯一 红本在手 低楼层 小区中间楼栋 价格可谈,950万,中楼层                                    (共8层)                                                                      | 2001年建 |                                3室2厅 | 97.37平米                                  | 东南,http://ke-image.ljcdn.com/110000-inspection/pc1_cEMbeEbkL_1.jpg!m_fill,w_280,h_210,f_jpg?from=ke.com
20210126,宝安区,新安,万达广场    白金时代   经典2房  地铁口物业,450万,高楼层                                    (共15层)                                                                      | 2004年建 |                                2室2厅 | 43.9平米                                  | 东南,http://ke-image.ljcdn.com/110000-inspection/pc1_g63PxgY4s_1.jpg!m_fill,w_280,h_210,f_jpg?from=ke.com
20210126,宝安区,新安,满五唯一 红本在手 海雅缤纷城 精装三房 生活配套便利,1200万,低楼层                                    (共27层)                                                                      | 2012年建 |                                3室1厅 | 120.35平米                                  | 东南,http://ke-image.ljcdn.com/110000-inspection/pc1_MzSQF8BqZ_1.jpg!m_fill,w_280,h_210,f_jpg?from=ke.com
20210126,宝安区,新安,小户型楼栋住家安静舒适，小区住家氛围好。,810万,低楼层                                    (共19层)                                                                      | 2005年建 |                                3室1厅 | 80.79平米                                  | 东南,http://ke-image.ljcdn.com/110000-inspection/pc1_maqUSONPW_1.jpg!m_fill,w_280,h_210,f_jpg?from=ke.com
20210126,宝安区,新安,公务员社区，近地铁口，南北通大四房，满五年唯一必看好房,1060万,中楼层                                    (共8层)                                                                      | 2001年建 |                                4室2厅 | 118.65平米                                  | 南,http://ke-image.ljcdn.com/110000-inspection/pc1_JlNFwgMAo_1.jpg!m_fill,w_280,h_210,f_jpg?from=ke.com
20210126,宝安区,新安,19区(灵芝新村)带商铺及住宅,整栋三层复式出售.,980万,低楼层                                    (共3层)                                                                  4室2厅 | 110.9平米                                  | 东南,http://ke-image.ljcdn.com/110000-inspection/pc1_kJiXCUJLg_1.jpg!m_fill,w_280,h_210,f_jpg?from=ke.com
20210126,宝安区,新安,中楼层小户型，精装修，视野开阔 诚心出售,375万,中楼层                                    (共29层)                                                                      | 2016年建 |                                1室1厅 | 54.02平米                                  | 东南 南,http://ke-image.ljcdn.com/110000-inspection/1a735bff-f203-43de-a2ab-df6c84c6fa14_1000.jpg!m_fill,w_280,h_210,f_jpg?from=ke.com
20210126,宝安区,新安,御景台 满五年红本在手 带车位,2300万,中楼层                                    (共19层)                                                                      | 2002年建 |                                5室2厅 | 182.47平米                                  | 南,http://ke-image.ljcdn.com/110000-inspection/198e34e9-98a9-4266-b4bf-76f9fd026338_1000.jpg!m_fill,w_280,h_210,f_jpg?from=ke.com
20210126,宝安区,新安,业主换房  诚心出售  精装修必看好房,410万,低楼层                                    (共32层)                                                                      | 2011年建 |                                1室1厅 | 46.5平米                                  | 西南,http://ke-image.ljcdn.com/110000-inspection/a75bdafe-599f-4a00-9152-c75d1be4c035_1000.jpg!m_fill,w_280,h_210,f_jpg?from=ke.com
20210126,宝安区,新安,配套成熟，适合居住，户型方正，实用，视野无遮挡,1310万,高楼层                                    (共8层)                                                                      | 1998年建 |                                4室1厅 | 133.8平米                                  | 东南,http://ke-image.ljcdn.com/440300-inspection/prod-41fcd811-6f5e-4aff-99fd-cecfc091900c.jpg!m_fill,w_280,h_210,f_jpg?from=ke.com
20210126,宝安区,新安,地铁口满五年大三房 看花园居家安静 南北通,800万,中楼层                                    (共16层)                                                                      | 2001年建 |                                3室2厅 | 106.81平米                                  | 东北,http://ke-image.ljcdn.com/110000-inspection/pc1_MyciJ0fYx_1.jpg!m_fill,w_280,h_210,f_jpg?from=ke.com
20210126,宝安区,新安,满五唯一 少量欠款 业主自住 精装修 诚心卖 看房方便必看好房,298万,低楼层                                    (共32层)                                                                      | 2005年建 |                                1室1厅 | 33.76平米                                  | 东南,http://ke-image.ljcdn.com/440300-inspection/pc1_OB52R0GcZ_1.jpg!m_fill,w_280,h_210,f_jpg?from=ke.com
20210126,宝安区,新安,满五年唯一，年后装电梯，带固定子母车位。必看好房,1190万,高楼层                                    (共7层)                                                                      | 1999年建 |                                4室2厅 | 125.47平米                                  | 东南 南,http://ke-image.ljcdn.com/110000-inspection/pc1_4emtbPx9i_1.jpg!m_fill,w_280,h_210,f_jpg?from=ke.com
20210126,宝安区,新安,灵芝地铁口大悦城旁 红本在手 精装4房 宝中初中部,1250万,中楼层                                    (共27层)                                                                      | 2018年建 |                                4室2厅 | 121.48平米                                  | 西南,http://ke-image.ljcdn.com/110000-inspection/pc1_4pB1XESfn_1.jpg!m_fill,w_280,h_210,f_jpg?from=ke.com
20210126,宝安区,新安,满五年不唯一，业主诚心出售，价格可谈,1490万,低楼层                                    (共24层)                                                                      | 2003年建 |                                3室1厅 | 148.81平米                                  | 西南,http://ke-image.ljcdn.com/110000-inspection/pc1_Nfu7wZoYp_1.jpg!m_fill,w_280,h_210,f_jpg?from=ke.com
20210126,宝安区,新安,房子装修很好，买来可以拎包入住，万达商圈,450万,低楼层                                    (共15层)                                                                  2室1厅 | 43.26平米                                  | 西北,http://ke-image.ljcdn.com/110000-inspection/pc1_G9A3O1ylv_1.jpg!m_fill,w_280,h_210,f_jpg?from=ke.com
20210126,宝安区,新安,城管局精装电梯4房，看新安公园，走路去南山，车位足,1150万,高楼层                                    (共12层)                                                                      | 2000年建 |                                4室2厅 | 97.57平米                                  | 西南,http://ke-image.ljcdn.com/110000-inspection/pc1_hEPFT0Rce_1.jpg!m_fill,w_280,h_210,f_jpg?from=ke.com
20210126,宝安区,新安,满五年，户型方正，高楼层，朝南，视野宽广无遮。,1020万,高楼层                                    (共31层)                                                                      | 2006年建 |                                3室1厅 | 114.63平米                                  | 东南,http://ke-image.ljcdn.com/110000-inspection/pc1_IoCShMcHY_1.jpg!m_fill,w_280,h_210,f_jpg?from=ke.com
20210126,宝安区,新安,12号线上川站精装2房，朝南安静看花园，业主诚心卖,375万,低楼层                                    (共8层)                                                                      | 2009年建 |                                2室1厅 | 37.73平米                                  | 南,http://ke-image.ljcdn.com/110000-inspection/33d73c7f-7974-4925-af5a-3fce440dbe7b_1000.jpg!m_fill,w_280,h_210,f_jpg?from=ke.com
20210126,宝安区,新安,福城前海新纪元--万达楼上，单间小户型。,210万,中楼层                                    (共29层)                                                                  1室0厅 | 33.15平米                                  | 东北,http://ke-image.ljcdn.com/110000-inspection/pc1_pVNlDSaZT_1.jpg!m_fill,w_280,h_210,f_jpg?from=ke.com
20210126,宝安区,新安,此房满五唯一，红本在手，业主诚心出售,1220万,低楼层                                    (共11层)                                                                      | 2001年建 |                                3室1厅 | 110平米                                  | 东南,http://ke-image.ljcdn.com/110000-inspection/ead43216-3faf-4ebb-8a58-cfe35cd4daab_1000.jpg!m_fill,w_280,h_210,f_jpg?from=ke.com
20210126,宝安区,新安,中粮创芯公园 2室1厅 东南,350万,中楼层                                    (共31层)                                                                      | 2018年建 |                                2室1厅 | 76.92平米                                  | 东南,http://ke-image.ljcdn.com/110000-inspection/pc1_1FThgu9fM_1.jpg!m_fill,w_280,h_210,f_jpg?from=ke.com
20210126,宝安区,新安,21区灵芝公园旁近地铁口名校房出售,898万,高楼层                                    (共6层)                                                                  4室1厅 | 94.07平米                                  | 东南,http://ke-image.ljcdn.com/110000-inspection/pc1_I9d6Zmtow_1.jpg!m_fill,w_280,h_210,f_jpg?from=ke.com
20210126,宝安区,新安,12号线地铁口，花园中间安静户型，带私家花园120平米,1480万,低楼层                                    (共11层)                                                                      | 1999年建 |                                4室2厅 | 178.67平米                                  | 南 东南,http://ke-image.ljcdn.com/110000-inspection/c3b4bf97-122a-4489-88ad-2ce2501d494a_1000.jpg!m_fill,w_280,h_210,f_jpg?from=ke.com
20210126,宝安区,新安,白金时代实用2房户型，业主诚心卖必看好房,360万,高楼层                                    (共15层)                                                                      | 2004年建 |                                2室1厅 | 32.17平米                                  | 东南,http://ke-image.ljcdn.com/110000-inspection/pc1_37WlK9uTr_1.jpg!m_fill,w_280,h_210,f_jpg?from=ke.com
20210126,宝安区,新安,此房满五唯一，红本在手，业主诚心卖，看房方便。,890万,高楼层                                    (共11层)                                                                      | 1998年建 |                                6室3厅 | 168.7平米                                  | 东南,http://ke-image.ljcdn.com/110000-inspection/pc1_rzeMxD645_1.jpg!m_fill,w_280,h_210,f_jpg?from=ke.com
20210126,宝安区,新安,双地铁口 满五年大三房 南向看花园  居家安静不吵,868万,中楼层                                    (共16层)                                                                      | 2001年建 |                                3室2厅 | 106.81平米                                  | 西南,http://ke-image.ljcdn.com/110000-inspection/32bc6968-0a41-48a0-b589-36e14870a2ea_1000.jpg!m_fill,w_280,h_210,f_jpg?from=ke.com
20210126,宝安区,新安,业主诚心卖，楼下万达广场，107国道改造，12号地铁,410万,低楼层                                    (共29层)                                                                  2室2厅 | 57.94平米                                  | 西北,http://ke-image.ljcdn.com/110000-inspection/pc1_M3hcI2ysM_1.jpg!m_fill,w_280,h_210,f_jpg?from=ke.com
20210126,宝安区,新安,此房满五年，红本，精装2+1房，带省级xue位,380万,高楼层                                    (共15层)                                                                      | 2004年建 |                                2室1厅 | 32.17平米                                  | 西南,http://ke-image.ljcdn.com/110000-inspection/ec0ac5ef-cbfa-4c95-a9e9-a8b8765fc00e_1000.jpg!m_fill,w_280,h_210,f_jpg?from=ke.com
20210126,宝安区,新安,海雅商圈辐射地段，房子满五年。业主诚心出售,950万,高楼层                                    (共8层)                                                                      | 1991年建 |                                4室2厅 | 145平米                                  | 东南,http://ke-image.ljcdn.com/110000-inspection/b58da618-e276-473f-bc22-88d4d09b8b60_1000.jpg!m_fill,w_280,h_210,f_jpg?from=ke.com
20210126,宝安区,新安,带花园，正规一房一厅东南向，出行便利。,249万,高楼层                                    (共31层)                                                                  1室1厅 | 45.47平米                                  | 东南 西北,http://ke-image.ljcdn.com/110000-inspection/pc1_steEpUr1S_1.jpg!m_fill,w_280,h_210,f_jpg?from=ke.com
20210126,宝安区,新安,70年产权，央企品质，交通便捷,340万,高楼层                                    (共29层)                                                                      | 2016年建 |                                1室1厅 | 48.08平米                                  | 西北,http://ke-image.ljcdn.com/110000-inspection/709a6a86-18c2-44b5-b64d-03513acb98ba_1000.jpg!m_fill,w_280,h_210,f_jpg?from=ke.com
20210126,宝安区,新安,精装修地铁口物业 配套成熟  业主诚心出售,610万,中楼层                                    (共29层)                                                                      | 2016年建 |                                1室0厅 | 48.1平米                                  | 南,http://ke-image.ljcdn.com/110000-inspection/abae993c-df5b-4717-855b-df376fc6998b_1000.jpg!m_fill,w_280,h_210,f_jpg?from=ke.com
20210126,宝安区,新安,精装修地铁口物业 配套成熟  业主诚心卖,610万,低楼层                                    (共29层)                                                                      | 2016年建 |                                1室1厅 | 48.1平米                                  | 南,http://ke-image.ljcdn.com/110000-inspection/pc1_tqPVgFgd8_1.jpg!m_fill,w_280,h_210,f_jpg?from=ke.com
20210126,宝安区,新安,海雅商圈优质三房改四房 满五年,650万,低楼层                                    (共7层)                                                                      | 1992年建 |                                4室2厅 | 99.7平米                                  | 南 北,http://ke-image.ljcdn.com/110000-inspection/pc1_ykQnRJPSS_1.jpg!m_fill,w_280,h_210,f_jpg?from=ke.com
20210126,宝安区,新安,满五年  自住精装地铁次新房  户型方正实用 采光通风,1900万,低楼层                                    (共26层)                                                                      | 2016年建 |                                4室1厅 | 131.82平米                                  | 东 南,http://ke-image.ljcdn.com/110000-inspection/pc1_hv2ny0ac3_1.jpg!m_fill,w_280,h_210,f_jpg?from=ke.com
20210126,宝安区,新安,房子满五唯一，免个税，免增值税，业主诚心出售！必看好房,630万,中楼层                                    (共31层)                                                                      | 2006年建 |                                2室1厅 | 70.72平米                                  | 西南,http://ke-image.ljcdn.com/110000-inspection/pc1_pJUdhuLhz_1.jpg!m_fill,w_280,h_210,f_jpg?from=ke.com
20210126,宝安区,新安,70年产权 5号线洪浪北地铁站 配套完善,520万,低楼层                                    (共29层)                                                                      | 2016年建 |                                1室0厅 | 48.1平米                                  | 东南,http://ke-image.ljcdn.com/110000-inspection/pc1_jwmezdAjd_1.jpg!m_fill,w_280,h_210,f_jpg?from=ke.com
20210126,宝安区,新安,白金时代带大平台 三房住宅 看房方便,529万,低楼层                                    (共15层)                                                                      | 1993年建 |                                3室1厅 | 43.38平米                                  | 西南,http://ke-image.ljcdn.com/110000-inspection/9f95ba4b-3941-4ea8-b084-57613e7e673e_1000.jpg!m_fill,w_280,h_210,f_jpg?from=ke.com
20210126,宝安区,新安,灵芝新村，低楼层，业主诚心出售,600万,低楼层                                    (共1层)                                                                      | 1988年建 |                                1室1厅 | 55平米                                  | 东,http://ke-image.ljcdn.com/110000-inspection/pc1_W1Vw1R8PY_1.jpg!m_fill,w_280,h_210,f_jpg?from=ke.com
20210126,宝安区,新安,12号线地铁口，万达旁边，通燃气，端头位通风又采光,288万,低楼层                                    (共32层)                                                                      | 2015年建 |                                2室1厅 | 53.16平米                                  | 东南,http://ke-image.ljcdn.com/110000-inspection/680bd7a9-2399-4dcd-ad08-72e6c0dccaea_1000.jpg!m_fill,w_280,h_210,f_jpg?from=ke.com
20210126,宝安区,新安,双地铁口电梯三房全新装修灵芝公园中粮大悦城商圈,588万,高楼层                                    (共11层)                                                                      | 1992年建 |                                3室2厅 | 84.6平米                                  | 东南,http://ke-image.ljcdn.com/110000-inspection/pc1_UWcDjAund_1.jpg!m_fill,w_280,h_210,f_jpg?from=ke.com
20210126,宝安区,新安,东南向大两房，使用率高，采光充足，业主诚心出售。,519万,中楼层                                    (共8层)                                                                      | 1994年建 |                                2室2厅 | 76.7平米                                  | 南,http://ke-image.ljcdn.com/110000-inspection/pc1_zrN605zou_1.jpg!m_fill,w_280,h_210,f_jpg?from=ke.com
20210126,宝安区,新安,黄金大厦 6室2厅 东南,1500万,高楼层                                    (共32层)                                                                      | 2011年建 |                                6室2厅 | 213.78平米                                  | 东南,http://ke-image.ljcdn.com/110000-inspection/7656b543-c049-4a32-9c4f-ad6470520a2e_1000.jpg!m_fill,w_280,h_210,f_jpg?from=ke.com
20210126,宝安区,新安,近地铁物业，观景飘窗,居家装修，户型方正，采光好,185万,低楼层                                    (共31层)                                                                      | 2018年建 |                                1室1厅 | 45.96平米                                  | 南,http://ke-image.ljcdn.com/110000-inspection/pc1_LzOInIy9z_1.jpg!m_fill,w_280,h_210,f_jpg?from=ke.com
20210126,宝安区,新安,两层精装4房，端头户采光视野好,地铁口自住出租皆宜,500万,高楼层                                    (共21层)                                                                      | 2018年建 |                                4室2厅 | 71.74平米                                  | 南 东,http://ke-image.ljcdn.com/110000-inspection/pc1_JHSPZ7avm_1.jpg!m_fill,w_280,h_210,f_jpg?from=ke.com
20210126,宝安区,新安,精装修   户型方正   看房方便,400万,高楼层                                    (共29层)                                                                      | 2016年建 |                                1室1厅 | 48.08平米                                  | 东南,http://ke-image.ljcdn.com/110000-inspection/pc1_F0XS0nyJk_1.jpg!m_fill,w_280,h_210,f_jpg?from=ke.com
20210126,宝安区,新安,中间楼层，精装，拎包入住，车位充足，看房方便,960万,中楼层                                    (共7层)                                                                  3室2厅 | 96.02平米                                  | 东南,http://ke-image.ljcdn.com/110000-inspection/pc1_6f8r0AlGH_1.jpg!m_fill,w_280,h_210,f_jpg?from=ke.com
20210126,宝安区,新安,新昆阁满五年，红本在手，客厅出阳台，诚意出售,715万,低楼层                                    (共33层)                                                                      | 2003年建 |                                2室1厅 | 85.29平米                                  | 西北,http://ke-image.ljcdn.com/110000-inspection/a8799529-5d79-4c42-8c70-0667c2d20075_1000.jpg!m_fill,w_280,h_210,f_jpg?from=ke.com
20210126,宝安区,新安,宝中次新房，业主自住放卖，保养好,1200万,低楼层                                    (共32层)                                                                      | 2016年建 |                                3室2厅 | 78.66平米                                  | 西北,http://ke-image.ljcdn.com/110000-inspection/pc1_aR7pMIhYw_1.jpg!m_fill,w_280,h_210,f_jpg?from=ke.com
20210126,宝安区,新安,地铁口物业，复式三房居家必备，生活配套齐全,338万,低楼层                                    (共21层)                                                                      | 2018年建 |                                3室2厅 | 72.25平米                                  | 南,http://ke-image.ljcdn.com/110000-inspection/pc1_rgmn8Svdt_1.jpg!m_fill,w_280,h_210,f_jpg?from=ke.com
20210126,宝安区,新安,勤诚达一期西南朝向看花园小区视野好,1980万,低楼层                                    (共30层)                                                                      | 2013年建 |                                4室2厅 | 153.31平米                                  | 西南,http://ke-image.ljcdn.com/110000-inspection/pc1_RMAdpL2Qr_1.jpg!m_fill,w_280,h_210,f_jpg?from=ke.com
20210126,宝安区,新安,五房三卫大平层满五，精装修业主诚意出售,2827万,低楼层                                    (共31层)                                                                      | 2013年建 |                                5室2厅 | 200.88平米                                  | 南,http://ke-image.ljcdn.com/110000-inspection/pc1_hjlPuWTyB_1.jpg!m_fill,w_280,h_210,f_jpg?from=ke.com
20210126,宝安区,新安,白金时代灵芝地铁，东南向，电梯高层，通风采光好,510万,高楼层                                    (共15层)                                                                      | 2004年建 |                                4室2厅 | 43.25平米                                  | 东南,http://ke-image.ljcdn.com/110000-inspection/pc1_Xp2WY6wel_1.jpg!m_fill,w_280,h_210,f_jpg?from=ke.com
20210126,宝安区,新安,红本在手满五年唯一、通风采光好、双卫,680万,高楼层                                    (共8层)                                                                      | 1994年建 |                                3室2厅 | 103.3平米                                  | 东北,http://ke-image.ljcdn.com/110000-inspection/pc1_EOgho0CF5_1.jpg!m_fill,w_280,h_210,f_jpg?from=ke.com
20210126,宝安区,新安,标准三房，居家安静，出行方便！必看好房,490万,高楼层                                    (共8层)                                                                      | 1996年建 |                                3室2厅 | 82.8平米                                  | 东北,http://ke-image.ljcdn.com/110000-inspection/pc1_tIaNTvBH7_1.jpg!m_fill,w_280,h_210,f_jpg?from=ke.com
20210126,宝安区,新安,业主急卖 洪浪北地铁 出行方便 70年产权,350万,中楼层                                    (共29层)                                                                      | 2016年建 |                                1室0厅 | 48.1平米                                  | 东南,http://ke-image.ljcdn.com/110000-inspection/pc1_5gFHMiRzA_1.jpg!m_fill,w_280,h_210,f_jpg?from=ke.com
20210126,宝安区,新安,西南大三居 观园区 稳定出售 看房便利,1170万,低楼层                                    (共24层)                                                                      | 2003年建 |                                3室1厅 | 148.62平米                                  | 西南 西北,http://ke-image.ljcdn.com/110000-inspection/pc1_g8JG0XPcE_1.jpg!m_fill,w_280,h_210,f_jpg?from=ke.com
20210126,宝安区,新安,此房户型方正，楼层好，视野宽阔，采光充足，设施齐全必看好房,1980万,高楼层                                    (共31层)                                                                      | 2013年建 |                                4室1厅 | 160.64平米                                  | 东南,http://ke-image.ljcdn.com/110000-inspection/pc1_Nz8OZyF6T_1.jpg!m_fill,w_280,h_210,f_jpg?from=ke.com
20210126,宝安区,新安,福城新纪元万达广场楼上精装小户型,240万,中楼层                                    (共29层)                                                                  1室0厅 | 33.06平米                                  | 东南,http://ke-image.ljcdn.com/110000-inspection/pc1_mLmmq8BRi_1.jpg!m_fill,w_280,h_210,f_jpg?from=ke.com
20210126,宝安区,新安,勤诚达一期1栋正南朝向看灵芝公园视野好,2380万,低楼层                                    (共31层)                                                                      | 2013年建 |                                5室2厅 | 187.04平米                                  | 南,http://ke-image.ljcdn.com/110000-inspection/pc1_dg8SGjW9o_1.jpg!m_fill,w_280,h_210,f_jpg?from=ke.com
20210126,宝安区,新安,总价低诚心出售，兴东地铁口 得房率高，多变空间,185万,中楼层                                    (共21层)                                                                      | 2018年建 |                                2室1厅 | 39.93平米                                  | 东南,http://ke-image.ljcdn.com/110000-inspection/pc1_C4JsDZdGG_1.jpg!m_fill,w_280,h_210,f_jpg?from=ke.com
20210126,宝安区,新安,中洲中央公寓 5室2厅 东南,1680万,低楼层                                    (共37层)                                                                      | 2016年建 |                                5室2厅 | 207.35平米                                  | 东南,http://ke-image.ljcdn.com/110000-inspection/pc1_AamPPUWHG_1.jpg!m_fill,w_280,h_210,f_jpg?from=ke.com
20210126,宝安区,新安,白金时代端头户型，业主诚心出售必看好房,430万,高楼层                                    (共15层)                                                                      | 2004年建 |                                2室1厅 | 43.36平米                                  | 西北,http://ke-image.ljcdn.com/110000-inspection/pc1_Y2GhPVFoI_1.jpg!m_fill,w_280,h_210,f_jpg?from=ke.com
20210126,宝安区,新安,丰华苑顶楼复式 5房带花园 住家舒适 预约看房,2021万,高楼层                                    (共10层)                                                                      | 2001年建 |                                5室2厅 | 198.61平米                                  | 东南,http://ke-image.ljcdn.com/110000-inspection/pc1_Kb2435moF_1.jpg!m_fill,w_280,h_210,f_jpg?from=ke.com
20210126,宝安区,新安,华联城市全景壹号 1室0厅 东南,460万,中楼层                                    (共29层)                                                                      | 2016年建 |                                1室0厅 | 48.11平米                                  | 东南,http://ke-image.ljcdn.com/110000-inspection/pc1_mRzSNt16j_2.jpg!m_fill,w_280,h_210,f_jpg?from=ke.com
20210126,宝安区,新安,满五唯一，红本在手，户型通透，采光充足！诚心出售！,1268万,高楼层                                    (共29层)                                                                      | 2000年建 |                                3室1厅 | 146.84平米                                  | 东南,http://ke-image.ljcdn.com/110000-inspection/pc1_ch5g7MtTy_1.jpg!m_fill,w_280,h_210,f_jpg?from=ke.com
20210126,宝安区,新安,总价较低,户型好，配套好，多个大平台,440万,中楼层                                    (共15层)                                                                      | 2004年建 |                                2室2厅 | 43.35平米                                  | 西南,http://ke-image.ljcdn.com/110000-inspection/pc1_CLPVOnX7P_1.jpg!m_fill,w_280,h_210,f_jpg?from=ke.com
20210126,宝安区,新安,弘雅二期大三房，户型方正实用，出行方便！,660万,高楼层                                    (共8层)                                                                      | 1997年建 |                                3室2厅 | 103.3平米                                  | 东南,http://ke-image.ljcdn.com/110000-inspection/c728436a-3d7d-4635-afe4-97557c2cdb11_1000.jpg!m_fill,w_280,h_210,f_jpg?from=ke.com
20210126,宝安区,新安,此房满五不唯一，红本在手，中间楼层，夜景好,880万,中楼层                                    (共29层)                                                                      | 2000年建 |                                2室1厅 | 85.84平米                                  | 西北,http://ke-image.ljcdn.com/110000-inspection/pc1_BaoJvjt3i_1.jpg!m_fill,w_280,h_210,f_jpg?from=ke.com
20210126,宝安区,新安,刚需上车，户型方正，适合居家，手慢无,440万,中楼层                                    (共15层)                                                                      | 2004年建 |                                2室2厅 | 43.9平米                                  | 东南 南,http://ke-image.ljcdn.com/110000-inspection/94d81af7-8c68-49fe-a570-25340bd5f76f_1000.jpg!m_fill,w_280,h_210,f_jpg?from=ke.com
20210126,宝安区,新安,公务员小区 超大使用率 低楼层必看好房,980万,中楼层                                    (共8层)                                                                      | 2001年建 |                                3室2厅 | 98.04平米                                  | 东南,http://ke-image.ljcdn.com/110000-inspection/pc1_r7lN0yamu_1.jpg!m_fill,w_280,h_210,f_jpg?from=ke.com
20210126,宝安区,新安,诚心出售 满五唯一 安静看花园 视野景观好 大花园,1200万,中楼层                                    (共24层)                                                                      | 2003年建 |                                3室2厅 | 148.9平米                                  | 西南 东北,http://ke-image.ljcdn.com/110000-inspection/pc1_i6QGvkF4T_1.jpg!m_fill,w_280,h_210,f_jpg?from=ke.com
20210126,宝安区,新安,旭仕达名苑 2室1厅 西北,525万,低楼层                                    (共17层)                                                                      | 2003年建 |                                2室1厅 | 160.72平米                                  | 西北,http://ke-image.ljcdn.com/110000-inspection/d4d2c699-8002-4e75-b2e6-688c045ea21f_1000.jpg!m_fill,w_280,h_210,f_jpg?from=ke.com
20210126,宝安区,新安,楼下万达广场，带租约4000，107国道改造，看房方便,212万,低楼层                                    (共29层)                                                                  1室1厅 | 37.9平米                                  | 东南,http://ke-image.ljcdn.com/110000-inspection/pc1_2dl3lFXwm_1.jpg!m_fill,w_280,h_210,f_jpg?from=ke.com
20210126,宝安区,新安,全新装修 朝南 大三房 满5年 费用少 住家舒服,1100万,低楼层                                    (共33层)                                                                      | 2003年建 |                                3室2厅 | 131.98平米                                  | 东南,http://ke-image.ljcdn.com/110000-inspection/957de274-533c-473a-86ed-6688fccf89fd_1000.jpg!m_fill,w_280,h_210,f_jpg?from=ke.com
20210126,宝安区,新安,此房满五唯一，红本在手，总价低，税费少，东南朝向必看好房,370万,中楼层                                    (共8层)                                                                      | 1993年建 |                                2室1厅 | 68.8平米                                  | 南,http://ke-image.ljcdn.com/110000-inspection/72148480-c477-4a3a-a22c-510dbf677d37_1000.jpg!m_fill,w_280,h_210,f_jpg?from=ke.com
20210126,宝安区,新安,华联城市全景壹号 2室1厅 南,580万,中楼层                                    (共29层)                                                                      | 2016年建 |                                2室1厅 | 56.48平米                                  | 南,http://ke-image.ljcdn.com/110000-inspection/pc1_s16ekCG3i_1.jpg!m_fill,w_280,h_210,f_jpg?from=ke.com
20210126,宝安区,新安,兴东地铁口，做好了2层3房，精装修。,468万,低楼层                                    (共21层)                                                                      | 2018年建 |                                3室2厅 | 72.1平米                                  | 东南,http://ke-image.ljcdn.com/110000-inspection/pc1_x7yMw395q_1.jpg!m_fill,w_280,h_210,f_jpg?from=ke.com
20210126,宝安区,新安,电梯高层！电梯！此房满五年，红本在手，装修保养得好,1200万,中楼层                                    (共9层)                                                                      | 1998年建 |                                3室2厅 | 101.8平米                                  | 东北,http://ke-image.ljcdn.com/110000-inspection/74e23f8e-4780-4d31-909b-bfe534eaac87_1000.jpg!m_fill,w_280,h_210,f_jpg?from=ke.com
20210126,宝安区,新安,华联城市全景 双地铁无缝对接 宝安标杆  无需购房资质,450万,低楼层                                    (共29层)                                                                      | 2016年建 |                                1室0厅 | 48.1平米                                  | 西北,http://ke-image.ljcdn.com/110000-inspection/pc1_2cCCIJCIL.jpg!m_fill,w_280,h_210,f_jpg?from=ke.com
20210126,宝安区,新安,双地铁口物业地铁口 70年产权 总价低。,450万,低楼层                                    (共29层)                                                                      | 2016年建 |                                2室1厅 | 48.1平米                                  | 西北,http://ke-image.ljcdn.com/110000-inspection/pc1_nEVrVHF0K_1.jpg!m_fill,w_280,h_210,f_jpg?from=ke.com
20210126,宝安区,新安,地铁口物业，交通便利，户型方正，居家舒适,880万,中楼层                                    (共8层)                                                                      | 1992年建 |                                3室2厅 | 95.73平米                                  | 东南,http://ke-image.ljcdn.com/110000-inspection/pc1_fX4h3jzoD_1.jpg!m_fill,w_280,h_210,f_jpg?from=ke.com
20210126,宝安区,新安,住宅房子满五年红本在手税费少单价总价低看房,300万,低楼层                                    (共7层)                                                                      | 1996年建 |                                3室1厅 | 69.12平米                                  | 东南,http://ke-image.ljcdn.com/110000-inspection/91bf2152-c8ae-486f-9502-230c87d6f0c3_1000.jpg!m_fill,w_280,h_210,f_jpg?from=ke.com
20210126,宝安区,新安,华联单证大户型，新安品牌舒适社区，所见即所得。,3340万,中楼层                                    (共45层)                                                                      | 2016年建 |                                5室1厅 | 221.82平米                                  | 东南,http://ke-image.ljcdn.com/110000-inspection/pc1_KoAs4mx2K_1.jpg!m_fill,w_280,h_210,f_jpg?from=ke.com
20210126,宝安区,新安,双地铁口，红本在手，电梯3房，精装修，满五年,565万,高楼层                                    (共11层)                                                                      | 1992年建 |                                3室2厅 | 89.3平米                                  | 东南,http://ke-image.ljcdn.com/110000-inspection/pc1_Uy2LJ0YfQ_1.jpg!m_fill,w_280,h_210,f_jpg?from=ke.com
20210126,宝安区,新安,风尚时代 满五唯一  红本在手 方正一房,190万,中楼层                                    (共7层)                                                                      | 1996年建 |                                1室0厅 | 33.44平米                                  | 西北,http://ke-image.ljcdn.com/440300-inspection/prod-22d73334-2055-4f8a-8e34-d549c9cc1756.jpg!m_fill,w_280,h_210,f_jpg?from=ke.com
20210126,宝安区,新安,地铁口楼上，居家舒适，通风采光好。,900万,中楼层                                    (共8层)                                                                      | 1992年建 |                                3室2厅 | 95.73平米                                  | 东南,http://ke-image.ljcdn.com/110000-inspection/pc1_a5QMvv2qV_1.jpg!m_fill,w_280,h_210,f_jpg?from=ke.com
